81.8072
83.8517
87.2873
41.041
82.1268
57.8159
80.8104
70.5825
63.7556
18.9665
51.0515
21.2633
93.4924
35.5921
41.0216
70.1869
91.1193
41.284
30.8604
24.5213
79.053
27.6997
18.8772
79.9021
66.2681
32.4413
71.7778
51.8243
95.4243
47.1077
93.649
58.0862
74.1356
47.8246
86.6511
72.052
55.6971
78.3753
59.7013
98.7554
41.9384
89.331
68.8662
69.3338
39.5115
69.5306
24.0996
23.6185
90.6195
66.5181
43.8028
57.8008
54.272
89.142
25.5659
80.2758
43.9512
87.3048
39.2095
28.5011
12.9729
66.3306
47.8428
69.2083
69.6976
32.4326
68.5949
34.854
13.9395
12.9911
55.9268
65.302
89.454
66.1218
79.4588
22.6395
50.4288
87.3094
17.5844
58.7191
67.5335
13.0422
27.4809
58.0456
56.9183
93.9514
56.6482
96.4274
27.9846
78.9818
79.1833
21.041
62.3569
81.6112
66.8726
85.925
92.3189
75.7282
34.9814
75.7716
95.8073
70.4709
39.6601
16.1692
66.1062
18.4825
30.2869
61.5636
10.9856
18.8567
60.0652
81.4449
21.3336
87.2974
37.8534
33.1656
72.3736
25.1621
95.3706
77.9367
35.7355
64.5807
73.5904
87.4518
17.1203
94.5738
22.962
97.8905
40.8691
10.4434
22.9488
85.3808
11.2426
33.3937
94.6905
94.604
69.3829
24.5716
33.8193
70.4918
23.1705
46.8758
47.7681
94.451
65.5697
94.3715
86.4796
57.7737
22.3896
46.0386
48.0959
40.1889
25.1625
59.7703
10.0476
92.8359
23.5895
53.3656
80.3886
54.7972
31.4525
48.0008
73.9365
32.1371
14.6417
21.3123
20.2443
69.7449
50.7677
38.4359
13.6303
59.1098
26.4574
84.4773
74.0157
79.7501
76.0336
78.918
76.6889
44.111
40.2104
31.83
29.6861
23.1149
44.4911
76.5762
73.2932
80.5688
85.2801
49.6078
67.5349
86.5268
88.5419
11.3579
40.5603
83.3168
35.684
64.3401
22.8065
88.7591
86.2951
77.3406
57.9525
45.9639
24.9261
12.7587
20.6914
11.8019
95.6493
85.1409
31.7008
93.7039
52.6273
36.316
53.0052
57.1548
21.3959
62.8484
30.48
51.5011
30.8317
48.4634
21.9833
30.6918
18.9255
66.4085
92.8108
81.2813
29.9371
82.7327
43.6313
95.3238
80.6278
24.0044
76.0779
43.1703
77.7998
34.7189
91.6416
97.1736
12.3799
30.1272
96.5904
88.3501
98.4782
14.4936
25.6564
57.8557
82.2243
34.2763
65.0913
41.0762
37.3231
30.4704
76.0415
42.1213
81.9695
88.6977
18.3282
68.0708
66.4997
24.001
21.0794
93.1634
15.2683
87.9158
56.3399
68.4482
92.8351
79.013
44.4801
16.8713
74.9676
38.0366
39.3131
71.0742
85.8459
89.4465
76.5308
84.6952
26.554
26.7252
76.5053
72.75
63.1109
61.0016
92.3388
71.1024
16.5832
17.5509
68.7367
48.1038
21.7595
37.119
22.4321
58.4989
39.7372
45.9516
57.2549
74.3071
40.6003
93.2564
93.4381
82.696
33.0547
69.2057
33.0021
22.5966
73.6726
48.2216
44.6281
34.0388
27.602
79.8484
26.6141
88.9558
57.0088
94.9638
55.8049
16.7612
30.8395
19.388
96.1207
33.5841
30.2022
32.3213
89.2445
11.6587
15.3647
84.7562
53.2726
75.995
20.278
19.7108
16.2329
79.2216
50.8647
63.9361
21.7985
75.3643
17.3502
68.7463
18.627
48.4923
23.5187
18.1855
48.0283
45.6366
77.5468
20.1152
66.6959
68.644
51.9969
42.5196
21.9414
90.9719
84.7825
56.8568
40.6182
69.4742
44.79
84.0014
72.5462
56.4572
88.6097
63.2142
40.2783
46.7884
70.7854
69.1592
72.0681
18.3796
62.74
43.3657
53.5985
57.5121
26.7873
63.1196
30.3973
58.2111
44.4015
47.4058
76.4598
52.5218
73.3586
28.21
44.4397
20.9558
98.9959
31.6982
52.0564
29.1053
42.8218
26.692
78.3179
60.037
85.6395
87.342
23.325
61.6869
26.3202
40.124
66.3086
79.6045
76.1895
98.9048
84.006
90.1916
58.2064
13.8466
96.4392
75.0747
18.4902
17.5824
13.2832
33.4862
13.4227
86.3359
59.4243
31.9823
69.6003
25.6621
43.1304
72.7892
20.735
62.2387
70.8872
23.4626
73.8298
70.2251
12.466
16.0202
15.352
32.2944
57.2989
82.3962
56.82
35.3015
10.9817
78.5834
96.3449
38.6578
64.9658
48.2439
11.3158
34.684
96.108
58.772
93.2792
25.5999
44.2031
98.2479
96.6741
66.4756
79.9948
90.9842
13.8923
51.0213
16.7556
63.0413
11.6254
27.4195
93.9087
27.3429
12.1966
56.0892
38.8252
42.0945
54.73
76.6399
98.8706
95.4773
12.8395
52.9839
86.172
30.1775
32.7871
33.0607
85.5128
92.3753
43.0128
41.3922
19.3766
71.8403
68.9018
16.7867
44.1736
35.2028
20.2653
34.5489
39.2371
55.2315
13.7072
90.7767
85.3015
64.0393
48.5429
75.6222
26.7136
69.362
