59.4635
79.0372
62.061
84.5417
40.3333
65.478
53.645
34.1654
46.6685
65.2413
59.8563
67.9421
98.5144
91.1412
96.3471
47.7151
16.9187
12.5811
36.2797
90.7545
91.324
49.0473
38.1593
38.266
97.8639
50.0965
38.2473
75.8938
88.2721
87.0034
63.9027
70.4402
13.588
72.7887
31.0399
66.0167
53.7906
45.1713
51.7831
25.0528
72.537
81.8873
14.4438
93.7085
89.2529
26.1793
36.5872
12.958
93.2533
85.0131
74.3224
52.4729
77.3876
84.254
69.753
33.0457
97.3452
97.1369
48.282
23.4399
32.6144
28.7902
62.891
75.8647
42.822
52.527
66.251
27.1529
52.4083
50.174
83.7905
20.8569
94.6901
48.9565
86.5265
21.7516
10.1387
42.504
29.5824
71.5167
68.6042
35.1409
38.2255
46.2392
90.0037
17.8347
98.2883
25.6628
53.2089
77.7212
95.7077
66.8894
63.8042
95.3908
49.1841
98.5511
25.1162
30.2045
40.6177
66.593
41.7717
22.2311
65.5363
33.0434
43.6839
93.3879
91.7026
58.5351
16.1797
52.7319
37.1051
74.7827
39.1079
81.2313
70.6033
70.2465
75.5063
12.9466
46.4255
67.9056
26.806
88.1599
18.5774
72.9468
54.6077
71.7461
47.9603
90.7357
80.6178
36.2877
66.4961
98.381
42.989
81.7718
88.1654
28.2719
77.9106
22.1446
87.1059
13.1211
39.3568
18.8856
67.7571
84.6889
13.3412
58.3851
59.6519
85.9268
92.2401
93.3859
75.256
29.677
32.7223
32.9305
29.0498
91.8822
64.8277
32.0567
37.5063
14.4129
77.781
92.0869
23.6195
23.7968
12.9487
81.1819
20.8341
69.5755
59.3467
87.7767
88.7335
64.3859
42.5128
36.2719
82.8892
44.2198
28.918
61.5451
47.5431
69.372
60.7159
56.4206
31.2311
48.4148
76.2395
73.2223
24.6226
90.6398
58.368
65.4729
86.7005
21.0784
49.9593
97.172
68.7471
66.9837
37.1859
95.2957
69.397
21.618
96.5658
92.4609
59.3077
15.7058
38.9045
61.6478
69.4402
73.2577
18.373
51.9104
15.1634
54.9734
49.404
90.5507
28.5394
27.2174
17.6971
79.0304
65.6709
46.2275
55.9754
42.6827
35.502
21.4989
40.9499
83.3432
35.408
57.9107
71.8847
58.5191
63.2493
69.3431
25.2598
75.6138
82.1029
56.3195
76.8105
54.1409
55.2224
56.4746
16.9005
40.6919
17.8745
88.477
18.2304
38.2508
46.1553
94.2737
23.2795
65.2746
92.2144
81.1235
22.9934
36.0573
32.0551
18.2764
33.6617
71.6891
89.3349
18.2461
67.7147
86.9467
25.8618
76.137
10.8579
71.1558
87.8463
79.6769
45.8278
71.5877
59.3749
48.658
40.0662
11.285
81.3377
29.2902
64.8291
94.9917
70.3079
19.3322
58.7155
70.2276
96.3318
65.9664
73.966
21.9678
95.7981
55.2023
66.6447
24.8263
66.4547
56.6444
30.7088
82.8418
78.9844
90.2954
72.0652
26.343
92.7831
96.7012
73.1559
26.7363
93.8036
84.8904
49.3016
29.7738
71.8953
49.7078
13.6113
77.4185
86.1547
42.5338
80.6386
19.2617
92.0534
17.043
29.1445
34.0944
85.8323
52.5169
31.2662
22.1773
91.5872
71.1863
58.3641
93.4345
63.4131
10.5166
10.6007
29.4405
26.2431
96.0313
52.9173
35.8523
52.3117
19.1691
41.135
88.9699
78.1557
19.4504
16.3627
38.1538
45.0872
91.3523
26.981
11.4732
22.2059
58.4774
91.9457
29.7295
68.5316
88.4293
18.4496
87.4124
12.56
85.8591
16.6142
56.7128
24.256
66.5782
37.1191
56.4457
28.1967
45.7952
73.7941
44.5937
84.1578
64.3413
59.0938
35.2304
48.8782
80.0697
91.7374
95.5328
34.8158
16.6546
80.0141
22.5886
94.3295
38.078
55.9444
80.004
35.4356
34.6322
73.8603
74.8862
45.1137
70.4748
68.688
97.8431
12.8572
98.883
91.5354
51.5687
37.8204
12.2452
31.958
67.0279
63.1224
28.6598
17.9474
63.9888
71.1942
88.074
14.3863
43.2971
44.0835
21.2531
65.5738
56.2318
78.9625
53.4195
54.2386
21.3851
49.0506
57.1209
27.0763
77.811
35.6933
24.6429
54.5597
95.5183
17.2329
46.1726
42.3913
31.5443
87.579
52.2914
18.937
37.3204
59.432
30.6135
91.3503
33.3043
55.0152
45.5106
25.8084
46.8447
51.6464
90.4487
67.9474
75.3181
30.0318
72.4971
13.0115
58.2832
63.0001
97.5119
63.7721
95.3909
95.0562
61.0504
73.9347
35.4818
69.0727
59.7393
15.7576
88.4136
49.9435
78.3056
78.0817
17.9172
81.7655
57.5239
31.2814
74.5297
74.0507
41.4495
65.4485
15.3242
90.1512
58.1644
61.3382
52.8989
96.6381
78.6637
58.4528
24.695
19.4695
38.4529
86.9293
14.1187
82.3578
44.5942
57.8884
34.0593
13.0601
51.234
88.0927
83.4148
55.295
52.0427
54.0582
97.3904
65.754
57.6777
11.9638
98.6117
53.5876
31.1255
90.3685
75.7653
48.7859
12.4123
65.299
47.3619
85.0169
41.3909
83.9855
45.3948
14.5534
28.308
26.9654
86.176
65.9712
25.5747
88.3037
71.8978
58.7171
37.9199
76.877
29.1084
83.9552
34.162
21.1965
89.2549
25.6751
35.3538
61.9482
64.3207
74.493
60.0545
76.2257
18.2553
65.0214
16.7472
56.6841
45.3654
38.2521
60.1261
27.3669
24.9888
80.1412
20.914
58.8477
24.6766
95.0275
67.9225
30.0835
29.3139
65.4243
13.1971
26.0222
40.051
43.2171
23.9855
86.689
58.2095
93.745
17.8262
44.8214
36.3811
94.3715
91.0129
53.5731
32.7876
25.2255
32.917
46.8342
13.541
60.0104
65.0918
32.4897
56.7398
77.9072
88.0621
62.4151
89.5329
81.5725
46.6014
76.6716
80.9729
74.8196
42.5401
44.5984
39.1987
93.79
32.4804
46.9327
65.9803
93.4917
93.8432
26.5437
39.2115
47.4604
86.9432
30.219
54.9699
22.8141
93.7615
20.8289
50.2966
34.0821
74.5347
37.9786
53.9968
40.7803
97.0344
96.3433
36.0832
45.1017
83.2541
16.5583
15.1346
48.2165
77.1212
76.2397
76.3051
58.7033
98.4792
46.199
95.8899
63.8271
63.0835
15.9339
15.3983
47.7275
25.9026
16.5154
85.0443
18.3532
10.986
88.2613
25.3884
98.3112
78.173
15.6489
83.5424
14.2103
33.2516
90.0307
59.4316
23.5016
85.1904
32.2902
60.9454
35.4116
19.5808
41.328
72.0553
35.6732
18.2588
34.5881
87.0169
54.017
33.4345
67.9555
82.1944
52.2414
62.7754
77.6476
47.9374
90.2275
72.651
79.5552
10.153
95.1249
41.7393
88.1539
92.9755
71.7346
88.0366
93.5799
38.8085
53.4049
66.6496
37.1795
48.3824
46.042
66.9005
52.8801
84.6108
40.4666
31.4645
89.4182
83.5258
53.6761
66.5543
30.2994
53.3124
44.9665
41.3576
94.7774
28.1759
83.78
24.2379
62.1087
12.8944
41.2594
93.8272
16.8152
19.0796
88.0589
33.8598
28.7252
56.8168
35.9089
92.2191
74.3109
30.1878
69.978
53.3912
56.0935
13.052
95.5649
22.5926
76.3425
39.3665
23.9715
52.3316
40.451
46.3175
30.1098
66.4605
68.7247
97.7541
65.7025
97.0485
93.7781
86.5063
76.1837
64.3721
15.0663
78.1102
83.2497
63.0997
78.1183
69.942
79.368
87.2841
90.0348
11.5984
74.6973
22.2674
48.1574
65.9149
63.9261
95.9069
23.6557
71.6398
94.9093
16.0484
48.9416
81.5338
29.3623
49.3505
52.8772
65.8805
97.7777
96.9403
29.1833
86.7722
13.1214
37.0115
73.9785
35.707
31.0304
48.8375
42.6859
48.7405
83.8599
87.7753
69.48
52.7979
10.2723
93.6679
72.183
72.7908
88.8605
31.1438
27.6454
74.2899
59.196
86.2711
11.1758
40.7307
28.4013
41.4431
27.0495
88.4436
83.4892
72.6425
30.5099
97.3528
33.9576
88.6621
35.8133
15.9111
26.7413
25.3806
41.4327
48.4304
17.274
74.9948
79.2951
81.389
26.7253
17.3776
35.6125
41.2935
61.5474
56.3512
64.2334
86.4354
34.9773
78.5932
79.9314
28.3005
43.6381
61.9052
91.804
29.0063
65.7388
61.6596
45.2329
61.2446
96.9305
88.457
71.627
33.6222
57.3502
67.024
39.4808
59.9748
47.158
94.1037
12.6434
38.9382
82.5239
58.014
36.6898
90.7137
44.7047
97.7639
69.3007
45.726
77.9497
58.6864
78.4264
82.1562
78.8353
48.2752
27.0997
78.2099
28.0544
15.2236
40.5599
91.8882
95.0684
29.4797
33.6116
98.8218
86.9914
79.0785
23.3462
76.4959
21.5664
74.7509
38.7487
34.0464
68.6243
36.2219
78.7718
82.1491
84.4969
36.4091
92.0541
80.7717
81.8915
29.9479
55.7658
44.5026
33.356
48.9906
14.9156
37.5927
66.3899
41.2085
29.0892
74.5003
48.0151
98.0123
65.626
58.4506
39.4111
11.5427
22.8745
78.0775
14.3821
44.3963
20.5753
42.7337
66.7912
58.3442
21.7101
42.7006
12.2466
89.3915
80.3873
54.7691
19.6807
75.0628
78.0245
91.3904
67.1821
93.2311
27.3577
70.2541
71.1496
20.177
56.0629
37.9089
51.4146
38.5668
77.4711
78.3819
30.0766
58.18
43.5652
45.2667
43.1035
87.0151
12.4141
62.3178
89.0939
10.5667
50.2152
79.6348
89.0071
19.2313
30.2657
69.7617
40.3373
42.7001
84.2931
57.7676
71.032
11.0161
30.9471
53.9214
49.5025
52.5768
37.4621
23.7982
77.2157
31.8433
35.3393
76.1364
92.0305
50.0034
97.111
42.6889
13.3738
60.99
21.1319
48.5985
19.0937
75.7597
69.2461
85.0726
68.0551
50.7413
35.3612
59.5117
43.8407
95.7235
75.0739
97.5562
92.7098
94.0276
67.5815
22.8138
50.5603
72.2723
54.2874
47.153
29.6294
72.7542
44.1969
49.2654
68.3965
70.6541
67.5147
85.9548
64.4642
67.3598
36.9316
61.0607
80.1801
50.4559
18.9617
19.4958
30.917
38.9017
42.7715
48.4529
81.5965
86.1334
94.0632
24.8537
25.4512
80.5129
46.1279
45.3689
92.0804
41.8708
71.0005
24.073
12.8596
81.773
79.0327
52.0968
90.8941
67.7729
43.5598
56.5592
44.2837
38.3362
67.4661
20.1248
94.6093
17.7707
77.3659
18.6974
22.8985
52.7415
97.6533
90.4107
77.0415
75.1583
40.4952
32.0118
94.1557
84.4493
47.6534
43.481
53.4618
39.9667
58.0181
49.5121
33.7678
74.0786
28.5891
28.2701
19.2698
86.5886
21.172
81.3768
80.3215
82.4637
20.7053
59.6837
47.0352
44.9764
80.3659
48.8189
37.8387
82.3435
33.8879
62.6877
43.7193
13.8192
21.7828
88.3723
45.0291
93.7863
27.9339
20.0507
47.5663
76.7844
61.3983
91.7557
49.0745
80.2465
82.7786
19.5589
48.6542
73.1818
36.1996
64.8069
22.4175
91.0365
53.1754
94.1104
34.2634
15.0564
13.967
62.7217
38.2372
87.3078
63.9273
32.2592
15.9468
95.3584
57.3979
61.0681
71.7336
22.9825
93.559
66.9082
75.3683
10.4303
30.9623
42.337
72.2414
42.5991
42.7313
10.1453
73.0721
60.3519
89.4439
93.8359
28.2026
67.8966
78.2163
47.9554
65.936
70.032
17.4874
49.4772
58.5254
13.5571
34.5529
90.5051
35.7464
82.3708
36.7509
23.525
63.852
51.9503
56.8511
52.1401
93.2764
74.9982
29.9637
40.7265
82.3544
83.0272
43.7186
78.5611
30.1371
52.0073
18.3013
45.0505
54.1328
14.9749
74.1136
37.9973
49.874
56.6237
43.5526
39.2708
56.2291
50.7675
35.9098
73.8673
44.1022
48.7989
61.5887
21.4902
54.1474
54.7026
18.1751
37.6812
90.1356
44.157
80.6899
83.2439
85.2005
91.7882
39.3983
64.719
58.2199
21.1105
23.4444
66.4653
93.0032
11.0845
31.7456
10.037
88.5056
37.2974
13.9124
86.5301
57.7494
80.1381
85.4483
51.5302
94.6245
43.0047
22.8539
31.5817
92.4785
33.575
22.2247
92.397
71.3738
84.652
84.4062
30.67
18.1379
84.4923
67.4895
93.4806
21.425
57.7428
88.5709
76.2997
33.8472
39.8846
14.3545
66.961
61.7033
42.2569
45.2279
83.573
39.5713
29.0056
18.6259
94.5006
66.4216
70.5417
43.119
54.2338
41.8432
54.3551
83.3452
31.5967
92.2719
81.3016
25.2016
73.3251
61.1093
11.7912
30.9098
35.988
91.2733
93.5934
48.4114
58.7808
88.4274
57.9554
74.5506
52.3456
66.7505
39.3336
86.5047
24.6829
40.5075
51.4021
90.855
16.9732
90.8282
97.1021
28.1934
59.2726
45.1478
14.466
48.5002
20.4154
37.2486
94.728
85.951
74.4231
95.8511
71.8718
69.2247
76.7588
90.1465
16.4196
78.0356
97.4301
11.5868
92.6499
39.2933
48.4824
58.7456
82.6697
92.9125
20.819
36.6094
13.322
88.9374
15.7834
21.5824
68.2461
87.5573
88.4894
32.005
71.8399
13.2388
20.0553
94.3797
71.6297
63.1859
10.7882
50.1428
49.0399
75.493
11.1205
29.278
29.5661
20.434
36.5966
69.7678
26.8861
29.9989
13.5035
78.71
65.0952
48.633
63.5198
80.4767
42.4418
45.3614
48.5258
22.2478
54.2666
92.3288
50.9018
89.9983
81.833
52.9089
65.3512
53.4294
49.0078
32.7425
69.2909
47.9145
56.3284
58.6894
71.1147
45.4429
97.8416
97.4449
70.8328
63.4516
73.1418
41.1272
86.1171
49.7094
58.9453
90.4611
72.449
54.9773
73.2344
77.0534
72.1656
25.2409
82.0912
85.7113
87.9576
21.6418
77.5977
68.6283
28.4069
54.21
89.8604
95.3182
60.1126
59.9744
65.1263
33.7861
94.2491
61.5884
78.8615
24.972
43.2705
25.4426
39.9261
13.6461
41.4499
34.2173
81.7209
32.7898
89.1282
98.7722
52.8967
94.3736
15.3578
44.2342
65.9577
43.8576
17.5379
72.4978
46.3597
94.8202
15.2843
63.7928
29.3052
37.468
86.7231
11.4958
10.0961
65.5765
21.354
65.0244
95.3378
12.7662
40.4921
57.8395
50.6684
86.99
91.429
70.2811
62.7847
73.3345
54.3612
15.7198
82.509
10.5365
76.7594
89.6397
30.3299
28.3936
74.1778
42.4428
67.361
37.5564
22.8247
39.3996
63.0195
94.2793
60.9261
36.8175
27.7992
59.7455
61.0947
55.4883
77.2387
11.9162
89.0818
20.5082
48.674
79.3327
58.1112
53.1864
65.2918
71.1046
74.1465
45.9821
22.0418
60.2472
17.5609
44.0131
63.244
16.3082
43.1711
21.5613
94.717
26.1551
10.0111
74.8223
80.4282
30.3422
88.9685
20.0272
64.4949
70.7119
20.2677
32.8342
28.1323
95.2198
48.1784
34.4379
19.7195
60.9871
70.7149
69.6957
12.6004
17.1058
86.9075
90.7166
76.0802
46.7576
42.6008
37.6473
12.8861
58.1601
27.0811
74.5532
80.8752
51.8664
51.6849
78.9834
50.2748
66.8827
70.205
91.047
54.0577
92.0881
46.3879
97.2575
90.9661
61.3431
34.8794
87.1219
41.2059
47.937
59.9301
79.6482
75.5406
51.7588
93.8615
91.7197
92.288
89.9368
51.6561
11.7533
79.8457
32.9755
63.7045
82.4451
17.3005
72.5421
19.8308
21.4069
60.7632
51.3275
86.0807
16.1316
22.8849
41.0218
95.1959
81.5308
74.0342
41.9475
73.8809
43.3146
81.2506
70.3026
93.1184
30.9576
98.3893
18.1959
13.3614
73.1245
14.3346
79.6879
28.1403
31.3602
14.5594
43.6527
34.0495
78.8717
86.2074
56.5509
23.6927
51.4928
76.9641
83.7716
78.6792
49.0892
80.9872
25.2466
20.9286
25.9572
79.2697
84.398
95.1084
21.3801
16.7583
81.861
76.7757
77.9944
85.3891
13.6908
92.2221
35.0746
51.0775
65.6713
10.8218
24.6414
72.0745
92.0602
65.1285
98.841
21.3761
22.2259
76.4111
87.2338
55.637
55.1552
23.4263
89.3609
39.1765
60.8866
19.424
61.4794
74.7776
95.414
80.3836
61.8488
68.2051
31.7982
55.9062
88.1502
77.6696
52.3932
57.9303
84.3622
32.5293
11.0116
59.5944
97.1197
77.9036
22.4274
20.3343
71.0955
82.6608
74.2122
15.6418
20.6573
80.1064
46.6984
85.6165
13.105
51.3512
40.7224
77.9421
30.9432
39.7361
63.3415
83.8852
56.6789
30.0748
49.4225
21.2435
47.0851
58.3142
16.0945
13.3951
98.3882
85.6651
78.4894
33.7611
38.2974
30.9787
93.7654
38.2497
27.025
38.7057
83.5233
74.525
14.4832
26.0814
73.4356
30.6044
26.8599
43.2961
91.8518
11.5789
39.2574
71.7048
33.5737
60.4712
74.1642
98.2171
94.7061
40.2719
83.4068
25.0687
74.0293
95.8142
95.4997
61.7524
83.0158
95.1537
39.9946
65.2337
86.7748
73.8231
98.1211
94.8867
56.5866
14.4921
66.9141
60.0742
85.8617
89.4892
64.51
47.9286
61.4459
24.5786
53.0456
25.3049
74.79
66.4123
82.335
80.0729
31.9736
93.5443
46.772
96.3768
39.1039
48.7469
50.1048
15.7525
72.9396
35.007
63.3069
38.0662
82.4403
46.491
49.2351
78.2575
94.9636
86.4665
78.0736
26.9532
10.1086
83.0849
40.7264
52.6841
56.1416
87.9196
70.3215
93.3137
57.4012
37.6726
32.2136
91.0557
70.2331
41.9057
65.6217
13.1525
50.4674
48.395
59.3392
30.4015
84.9918
66.3342
95.8463
73.1732
94.7922
85.6686
85.4114
47.3437
53.1656
47.0416
38.9398
87.737
42.5023
38.1104
85.4648
72.6647
60.016
85.7301
90.1427
46.4
93.0763
49.2766
98.0831
53.6541
57.5778
95.6518
78.3071
89.3109
27.1676
84.2798
27.4836
74.8156
95.618
11.4848
67.1507
54.3759
41.0017
60.6801
90.1068
54.1118
90.9692
28.3729
15.1342
29.9268
17.5307
94.4928
72.3355
66.5655
70.9219
62.6366
92.7723
84.7443
45.4521
95.2927
68.4199
61.2445
33.7955
30.2109
14.057
68.1398
79.9861
13.0232
76.0272
85.6984
98.283
63.5663
29.0777
90.5761
13.0648
46.1944
74.9985
70.5547
10.2863
73.2787
43.459
78.4168
61.1138
55.6883
89.5732
56.3953
94.2851
11.8009
92.7729
26.6154
29.7911
59.0753
62.6927
92.2665
90.1707
92.7205
34.599
65.9826
68.44
61.8142
90.7891
49.0764
15.2923
15.8489
39.4876
62.2284
50.2446
13.7612
58.732
28.7627
67.5986
96.112
89.0182
47.2205
48.3081
94.8894
92.1545
91.508
14.0866
93.5114
90.3214
22.68
20.4169
74.3515
48.4086
18.3788
55.0075
52.9292
86.5272
43.874
13.5044
83.8605
52.4014
71.8057
32.1185
70.333
85.6184
27.0627
53.9386
96.1249
62.3015
63.1595
91.9442
35.5523
54.8408
21.565
85.6499
25.4719
27.7625
77.8009
95.8931
75.5975
40.1016
10.8353
86.1743
50.8182
89.9505
96.5568
34.0686
46.3764
81.5972
54.4643
42.0279
92.4391
53.7966
71.5986
40.532
42.3905
57.7355
12.8772
47.7794
54.741
93.9403
11.4722
91.3595
10.4381
14.0986
89.9706
93.8138
56.0705
69.23
50.4587
28.5376
45.3817
39.0469
15.1624
32.2816
83.6235
28.1933
52.0553
31.163
38.3701
80.2967
40.0562
62.6318
87.9963
97.3265
52.3293
45.4195
19.9385
28.4755
47.3996
60.847
13.7898
10.619
94.7916
34.1102
82.8379
95.3357
69.1921
27.1428
81.0769
94.2533
34.8515
33.8089
90.8921
82.1092
30.3416
67.9553
96.7971
37.4238
56.6363
46.7547
26.2785
66.3338
12.9923
42.3516
86.146
65.8538
32.5782
82.6647
66.718
23.6149
60.2341
82.23
91.7995
87.272
91.4928
46.5402
68.751
92.4211
60.4751
98.8996
88.8189
80.9695
65.8732
62.8312
11.7695
67.4621
15.663
80.2413
17.0553
81.594
23.7147
19.7759
32.45
55.7815
89.0525
23.9223
44.052
85.0545
97.5134
37.4904
32.4785
57.1225
65.9531
65.7243
10.9564
52.542
34.7639
36.5217
40.7145
34.1426
42.7337
47.9603
95.4578
57.2816
77.1992
40.709
59.2268
74.5219
52.6873
36.0511
11.2153
87.6146
36.6591
67.3414
47.4984
55.067
60.429
89.7522
93.5107
97.5968
75.2411
25.974
23.2536
50.3829
93.7601
91.7177
39.999
80.2112
47.4455
51.4812
93.9526
81.5975
31.9727
91.3927
27.5516
82.3557
52.9083
95.2402
16.3228
92.3517
57.4927
70.5065
23.8003
57.0914
77.4832
86.9465
13.4627
51.3505
12.6523
24.8266
13.0223
96.7866
72.1603
82.3497
95.906
78.4929
39.1795
46.3636
14.9509
51.7843
26.4594
51.3563
86.7502
81.0281
61.4433
80.586
63.835
24.4626
74.7624
90.2267
32.0101
11.5924
50.1115
98.35
76.3429
81.861
69.8379
55.8505
42.4225
65.4397
95.6463
64.7616
13.1163
83.2461
38.0865
22.9813
22.7391
91.9776
64.3492
96.1444
37.2071
16.2762
54.5561
51.1511
38.3732
94.8718
94.7954
45.727
33.508
60.6368
30.9425
55.8788
68.9424
79.5952
88.3758
69.3634
23.8252
29.5106
36.9993
41.892
91.4576
67.7766
93.959
53.3093
36.5594
67.733
92.4258
78.8219
72.1117
54.8164
42.3835
82.2052
70.9676
67.535
17.95
21.4988
85.2308
31.7415
83.0654
51.1428
83.8751
21.1162
42.33
57.2126
73.9218
52.5613
29.3606
26.2462
83.5208
28.7384
67.3605
80.9286
44.8705
48.729
19.8186
27.6108
91.1221
89.5528
17.6023
82.0499
51.5404
31.9493
18.4667
72.6497
37.7375
85.7377
75.5896
41.6606
37.3918
16.7066
47.3345
83.7306
40.9122
44.6539
35.7049
96.1604
28.1284
98.1557
60.6933
81.7446
41.49
51.4956
52.7709
60.0179
74.1427
61.5153
14.4545
81.3177
22.9959
15.0243
70.8796
27.3881
31.5999
85.715
74.022
48.5542
23.3907
20.8505
25.4875
91.3649
72.0929
27.6635
59.8052
46.937
27.1165
96.5689
43.3231
42.9942
15.7233
82.8711
24.7504
91.9292
83.6905
90.7738
94.951
50.0353
85.3419
83.7563
87.2486
14.9639
98.4519
35.7272
92.9024
78.5416
90.4915
46.5773
91.2653
72.3707
82.323
12.4457
50.9303
97.3099
52.9547
44.8303
10.5036
72.0253
13.3966
52.3622
50.6868
95.2337
22.2457
56.8867
13.8081
47.6507
12.9128
42.863
80.7845
78.6655
17.3332
67.2122
20.9498
14.0099
50.1913
58.4703
95.9455
20.1004
90.3374
60.9372
20.4351
32.6812
61.3645
81.2408
80.3136
10.4216
85.2974
22.2839
62.1189
11.9746
31.3143
39.9549
97.0746
20.8854
17.6608
71.8309
79.6486
45.0792
70.6741
53.2635
87.1538
50.76
36.2918
53.9786
11.4174
34.9927
47.0868
69.491
15.7567
84.9608
47.1905
27.8228
46.3831
66.1767
88.7971
94.0181
86.0854
42.8367
72.4602
16.1637
85.3153
36.5629
87.3607
67.7573
17.559
21.2953
36.8593
26.0998
31.0349
92.2198
86.1016
47.1992
57.0035
65.3171
88.2165
78.3049
48.7076
13.5742
30.0465
41.3552
74.5967
92.5826
25.7519
57.1474
54.9607
56.925
79.9383
56.076
43.6435
49.544
64.7773
53.6148
52.4069
18.7386
98.7484
59.1116
10.3954
38.757
47.3643
30.7041
58.9229
92.5556
19.0073
69.6326
84.1615
51.4923
98.1499
86.362
90.883
80.3255
66.6766
12.5005
49.2296
23.1969
68.6257
89.7187
74.3384
46.2451
87.6427
89.0636
27.4469
58.2692
56.1107
18.7703
59.115
68.1722
69.9424
60.0783
59.7498
48.307
45.5391
71.3473
38.8764
25.2995
72.726
43.7261
89.9787
66.2148
43.7402
91.1349
60.588
68.0709
98.8481
77.1915
40.0372
34.7649
24.8094
17.3388
78.7963
33.9923
63.1106
80.075
59.2434
56.8406
96.3891
42.0365
41.1446
81.6084
72.4902
13.1381
70.5565
91.5023
18.0336
40.7056
98.8737
91.538
69.2436
86.401
18.5178
64.5647
95.8502
63.3319
68.9889
32.8075
27.3722
92.632
56.8265
40.827
90.2383
10.9704
74.5325
60.5111
83.6189
75.2589
57.9445
68.9566
12.6804
68.6811
34.3355
42.8676
58.2994
95.4033
56.0203
45.068
93.0342
95.693
93.7899
23.175
86.5714
83.5478
36.2274
63.9863
34.4639
81.9847
57.8585
13.2726
96.8873
90.7022
46.0788
23.3758
96.39
67.8276
36.5124
80.1636
84.609
49.3953
86.3383
92.6204
85.9154
32.1791
24.11
98.6312
47.7305
60.9681
36.9285
53.0478
80.8108
42.5765
59.0491
89.9014
82.9216
17.0965
44.8488
83.4486
47.5429
44.9922
34.3212
66.1467
64.3062
59.7137
62.0711
98.6793
27.8547
92.8638
84.895
64.5956
90.181
78.7813
48.0182
63.3284
67.8923
91.1463
15.8114
74.9633
22.4866
78.1694
78.5064
11.2394
44.7651
54.1477
65.4936
63.3331
73.9277
18.3742
75.1705
27.1921
69.8348
11.6282
59.1535
57.432
68.2234
96.7634
56.9983
17.4161
51.9208
80.7499
83.1624
82.8996
40.7582
33.1986
53.4436
41.6617
16.3379
69.2918
38.8836
56.1037
71.1383
64.6899
65.8143
55.4688
24.4474
42.6526
96.5725
47.5831
17.0307
45.7196
62.2753
22.8679
66.3792
59.4888
38.0913
87.4993
18.5076
97.588
19.0813
78.6072
42.0983
28.244
38.8195
67.2463
90.4445
23.5173
52.2769
74.3656
48.529
80.443
49.8565
90.2345
74.3308
46.1086
91.1474
55.8353
25.9913
80.9255
34.3553
52.9996
70.8211
59.1726
98.3073
66.8402
16.9571
84.3859
43.034
84.3872
94.4565
38.7694
16.9251
24.5607
26.014
31.6032
83.5718
95.1055
86.0018
31.133
94.3856
72.5291
22.5393
60.1567
19.3269
30.3012
87.5675
56.9786
40.8774
80.8223
24.6013
83.6971
29.9633
72.2886
71.5281
93.8924
77.4748
45.2542
61.7218
93.9874
84.9286
97.6277
32.2069
42.3103
94.3973
70.6159
22.6769
29.6942
60.6511
27.3882
67.0654
74.7849
73.2114
18.6742
97.6655
70.0384
42.2144
71.7592
46.0833
63.948
75.1536
15.1278
52.4522
47.7083
70.877
91.7417
52.5311
96.6417
79.8954
45.5181
36.2063
59.2657
53.1136
63.4491
22.5755
28.8808
43.5894
32.0816
72.465
29.185
79.1526
56.502
80.2932
58.6415
11.1598
34.2635
98.1745
85.9659
42.4333
37.8571
86.746
55.9514
42.3355
29.1129
59.9664
14.0828
40.7527
27.0244
50.5056
71.3415
62.5039
12.0233
12.3778
21.6045
64.5665
59.2584
67.0309
17.4118
29.8156
88.0697
87.5633
73.396
20.4147
73.8422
54.5306
36.7722
10.5074
21.7585
11.1528
10.4594
16.0093
18.7855
42.5625
74.7864
48.4778
46.7254
58.2858
13.1138
17.5387
24.5944
39.8907
71.6088
57.7531
15.6965
50.5115
23.7028
73.5036
32.8749
36.9891
81.478
38.868
15.9868
51.8566
61.5145
63.7445
51.9049
14.0104
21.2048
12.3997
77.9081
97.6287
86.1586
87.9206
92.6641
13.9287
30.6157
66.2392
81.5625
34.2658
69.1069
62.29
10.5208
91.6009
64.7322
66.6812
16.0822
53.4509
25.9336
12.8217
59.6764
45.2208
67.6714
82.3898
26.0583
67.069
27.2268
33.1462
79.5223
27.0813
21.1745
41.8993
74.5038
10.5408
92.3864
61.2688
59.0984
61.612
26.4681
82.3617
57.1205
62.6095
26.1133
37.8766
43.431
16.5533
54.0023
91.3122
38.5054
74.6232
80.8212
22.1953
43.4396
28.9766
40.4114
40.7017
51.8695
24.0465
18.6743
60.3828
41.1427
55.1622
83.8715
77.7721
84.5435
11.4255
32.2812
24.1407
38.196
92.122
68.3062
77.7393
34.7922
41.2715
12.5671
43.2342
26.9234
13.643
30.3069
42.6065
38.6969
51.0295
57.9209
80.508
52.6729
57.3766
13.5543
98.0894
31.379
42.8613
69.8228
96.0076
94.7724
22.3952
20.576
48.0776
95.0218
87.6983
19.0229
21.3534
51.0156
98.2205
38.8983
95.2991
53.8103
22.5742
34.9196
35.1959
51.8963
71.0968
68.8708
71.2208
58.2261
17.4253
79.7808
58.5819
83.0558
80.8417
36.5724
39.8866
68.0712
84.6597
35.8985
42.1285
58.4868
93.5696
70.8836
98.9637
89.5533
46.7206
97.451
17.3968
69.6916
27.1697
56.3139
39.2279
27.3358
57.5833
60.274
56.5434
98.8136
15.9539
48.3545
24.0899
18.8589
58.0448
18.8102
78.8608
46.877
68.9644
18.5342
21.3499
16.2171
52.3675
97.1699
42.917
40.863
52.2622
19.7501
84.1623
96.1022
59.7294
80.7397
52.0781
87.6879
77.8901
83.4269
48.6141
70.3527
11.5794
77.2446
92.0014
26.9301
57.3534
61.1161
27.3181
18.6065
59.4512
62.9864
23.1353
73.9296
69.7186
46.4007
38.8818
14.769
59.5629
66.9011
81.3082
84.8273
88.9165
69.5342
84.1544
78.8733
64.4183
59.1364
29.4786
43.3173
38.6361
35.2652
65.9666
10.4208
15.6376
66.3866
36.5893
11.2332
66.9638
82.875
78.9211
12.0208
17.9346
25.2882
21.7343
20.2555
84.0194
20.4124
54.9066
77.6557
96.9289
57.6299
13.1431
77.5197
95.6032
16.8099
86.4301
46.8852
51.3505
58.8364
88.8557
34.0439
56.026
51.0956
30.833
89.8254
54.1185
30.8863
21.6564
36.0336
55.8684
17.8513
11.791
67.7699
74.4476
42.7877
31.1411
59.0347
29.4875
58.9829
35.363
23.3463
60.228
43.818
51.2415
73.1125
22.1712
21.8537
83.2518
27.0699
48.2328
37.8032
67.746
45.1983
27.0691
72.901
79.7386
43.5558
71.9744
17.5555
63.0507
90.9635
89.6041
47.5523
73.8303
94.1901
98.4396
55.9588
69.9754
65.353
42.1595
66.676
68.1502
36.0704
46.7749
19.783
72.7353
95.456
85.2969
81.67
48.078
95.1384
92.7541
81.9162
20.2523
32.3522
44.3895
11.7383
23.5319
24.4839
88.9564
93.9503
69.3283
40.4111
97.5304
62.8784
76.1572
57.323
77.223
58.3655
12.0687
45.3612
90.6534
18.1197
91.2876
33.104
90.296
90.0782
23.8209
69.0437
56.1222
62.6202
98.9934
76.1812
38.9616
87.6442
79.9003
68.942
93.8303
44.8533
59.5161
12.0243
39.2862
52.3779
62.6222
19.4025
58.873
39.0081
92.758
48.6869
10.7355
17.2542
80.7148
39.4049
73.7194
22.1552
56.2916
57.6197
36.9492
70.5956
92.3891
89.2206
92.5029
26.6799
91.511
10.1726
48.4242
80.8541
87.3148
95.1277
74.1699
11.2741
68.4664
22.781
33.4534
97.868
56.7122
54.5261
22.734
66.3338
90.2676
77.0555
98.8927
10.921
77.0543
74.1682
81.9625
66.2086
55.1195
83.9267
90.1732
14.5497
82.7816
94.8258
56.2778
34.4331
44.5664
26.3346
78.4288
45.1105
44.7023
42.8641
61.6065
46.8248
10.6938
77.7116
54.5594
45.7948
48.112
61.2532
47.1691
53.6685
95.4204
49.3233
90.7853
64.5446
85.0751
26.2539
64.3379
11.7378
27.8178
41.0765
49.2468
33.8339
91.2597
61.5942
19.405
30.5958
93.126
92.6358
96.2596
57.0005
54.306
72.1626
45.7093
56.243
61.2307
11.6981
14.4009
14.0335
45.6102
69.6056
64.715
14.7736
48.2981
73.6485
72.9096
33.5191
66.049
13.345
20.0469
13.6588
82.7102
41.1085
34.6964
74.6469
54.6401
54.8212
77.3791
75.6776
84.0913
63.3333
63.9294
19.5161
20.3032
35.321
41.9076
67.725
35.9016
12.9541
42.3348
39.6593
20.1839
88.3884
74.1626
49.2071
14.914
31.5197
11.8266
63.1957
85.9513
87.2259
97.4152
36.4145
32.2601
76.2919
98.4442
77.8967
48.6891
24.7827
98.484
22.9336
23.7307
29.4569
29.5574
54.7924
32.9909
89.175
66.1269
55.6184
42.5768
56.0464
61.3641
45.6078
27.4999
77.972
67.3941
64.135
20.0434
14.0475
79.8964
69.3105
68.9065
88.2187
26.5055
36.6624
94.7584
13.6739
54.8425
46.5209
63.1527
93.4268
43.3032
15.7431
30.5059
93.3565
21.0796
82.5531
85.0699
13.6853
23.3258
36.3473
86.1388
44.6338
21.4477
27.5108
47.0531
84.1875
19.4471
86.4641
38.8705
63.5298
20.6696
53.609
85.1267
11.4895
12.9143
25.212
53.2924
35.6539
40.3355
63.8319
67.9318
50.9809
26.8491
15.3532
14.5759
48.9806
95.7113
45.6538
95.9203
72.7292
71.1829
44.338
33.7872
29.3338
58.6826
79.78
57.5691
85.6014
41.5703
52.9661
32.704
65.5896
19.5378
93.1964
31.9354
55.7591
34.5835
86.2171
77.8833
61.0278
39.6216
16.0616
55.1534
61.3279
55.1464
82.9526
34.3379
59.0991
66.9426
22.8709
21.5316
98.0713
81.4371
29.9197
91.2585
35.0119
55.6786
94.1466
25.0613
87.8146
50.729
11.073
32.799
78.0871
20.821
33.4349
85.7491
27.7976
13.235
37.0484
31.6575
21.1942
18.0893
27.8789
18.8448
77.0945
72.5512
27.8242
27.0672
71.0763
20.3564
12.7528
86.7917
59.7268
92.1636
69.5776
26.4749
33.9015
33.6959
92.7344
65.8644
77.4451
45.2863
49.762
47.5165
69.8222
21.7974
89.879
55.4961
90.0382
52.2718
80.1346
54.8356
55.9165
83.7505
70.8402
83.2252
77.7751
86.5009
96.8709
59.3244
35.9269
31.5733
90.6397
52.5123
53.884
58.8476
66.562
17.2334
76.4635
18.5249
75.8921
23.4711
86.8761
34.2631
58.9276
92.5563
50.7919
94.0758
14.8002
12.777
73.2211
88.2495
25.0882
15.0982
48.7489
60.0138
74.7007
91.3583
74.5556
31.8209
15.5218
38.3491
51.3782
29.1137
30.5669
65.762
56.9906
16.056
63.6044
22.2876
29.3917
18.0806
31.4475
91.5447
93.6748
77.1382
19.5699
58.3743
69.1649
83.9468
34.4964
74.7004
48.7258
98.5837
54.4828
98.4947
18.5661
46.9487
17.4051
80.1662
90.5472
25.7898
52.3215
54.0678
50.8922
27.5046
22.0905
31.005
47.4801
14.5607
83.4806
65.5498
88.2639
38.9578
13.3703
70.8081
62.5204
30.0832
64.7611
20.0908
22.195
34.3986
88.5647
52.2526
25.8527
17.5235
70.3122
16.3953
85.4337
21.8723
44.5682
34.2669
15.0749
73.3824
86.3233
93.7343
70.9363
73.0468
73.6651
81.1718
33.5252
14.1896
55.9567
55.8519
37.1605
53.3476
68.4707
59.9149
20.0839
95.7144
23.0458
86.6458
84.3384
81.9567
20.7701
70.9901
61.1803
88.7387
95.8179
20.3809
64.6314
37.1485
78.277
16.5843
27.4447
28.5681
89.1553
71.5964
43.8807
67.8964
10.5563
76.1012
22.8809
11.9326
67.6749
47.6058
80.6476
10.3034
86.1256
27.9652
75.1663
38.356
92.2505
88.9959
63.5567
30.7136
74.8444
36.563
90.7025
33.4535
30.9336
96.1974
34.0985
72.8651
64.4503
54.3411
52.2076
60.6779
82.5292
83.8876
66.4739
57.3126
76.5225
55.5286
78.017
23.0969
21.3885
55.2691
10.7664
26.2008
64.7572
29.1113
15.9482
56.8939
55.1174
66.9857
21.4081
87.306
92.1559
19.4786
12.9207
41.0586
43.6893
38.5201
49.0003
14.6959
44.0653
69.8167
28.0961
46.6078
64.733
73.0964
81.4613
86.9171
53.2895
21.0323
42.5116
51.8339
66.015
66.7433
91.518
36.9145
67.6697
62.0507
26.4321
97.6692
14.714
83.8863
12.4427
78.7261
14.2972
84.6823
34.3108
67.6705
13.303
67.1107
85.0754
26.3849
16.2878
43.8633
22.0558
69.7847
11.6476
11.9653
81.1643
22.146
65.5575
71.3434
98.6685
19.2157
52.5573
31.2271
56.503
22.1279
36.8503
66.9085
43.5489
85.9083
54.8458
27.7498
12.38
88.1899
61.8531
40.5914
48.0202
31.0165
21.5772
55.8847
13.1069
39.1816
31.3967
57.6269
38.5569
69.4826
82.5736
61.5463
75.4013
63.8313
89.8899
93.3837
41.4516
75.9865
21.973
91.2794
68.625
88.7261
37.2798
43.0323
62.0617
68.712
21.1551
78.5178
45.1288
12.2666
40.1581
45.6102
64.4007
54.1638
78.827
26.1208
59.2566
10.5343
34.3765
62.4507
97.3342
48.5518
62.6104
16.9754
47.6051
61.1861
14.3992
20.5257
86.4816
86.261
51.1552
73.1116
13.2008
43.5549
26.4136
90.8878
84.1255
17.2274
12.0944
96.1858
17.1363
81.7016
77.7299
11.9972
21.4796
18.7788
35.2922
55.0576
67.6248
15.5939
13.7973
95.8913
66.0237
75.5328
83.4374
24.0493
57.7862
80.9433
62.7276
12.9921
74.2418
69.2914
82.2956
36.5654
15.016
28.5125
86.0098
36.4451
47.6097
27.2204
62.6966
71.7228
20.9848
41.2303
85.9985
84.3843
36.2513
90.5493
66.325
12.218
41.1042
38.6916
87.2413
43.069
62.8769
37.9834
72.7838
29.6914
82.3823
54.4538
90.6412
18.8376
10.6518
51.6669
56.3112
92.6983
18.4095
65.903
63.501
56.2867
70.6625
87.9335
30.2071
28.7807
62.6957
16.7417
49.5839
44.2128
26.2991
82.9044
76.5391
83.9333
41.3033
20.6828
68.9043
60.7882
92.4735
17.4324
40.1133
29.6132
71.0554
39.9466
10.2642
63.084
97.3922
18.9005
80.365
44.6568
67.1122
26.9706
53.6919
76.0953
59.4013
93.5254
67.3704
17.9843
89.7386
73.7335
24.1723
82.9438
37.2092
11.278
57.2608
30.3766
14.6191
22.3519
16.779
96.2289
15.1899
98.0246
76.7773
75.79
19.0688
54.2461
13.6322
86.2758
75.4092
57.6339
31.5001
88.335
54.527
53.7609
29.8965
84.8981
41.0962
13.7945
42.3811
42.2747
32.5446
65.9728
26.3365
35.2524
37.3401
20.0023
95.9718
11.6308
63.4393
81.4058
28.7989
17.2949
89.8171
61.8936
21.0929
82.9597
95.9472
36.3357
10.9733
89.0504
68.6761
96.0027
62.9691
54.9645
18.5699
64.0592
65.9558
15.8604
13.1799
62.2609
51.2631
53.8753
74.3629
72.0722
27.9635
30.3795
69.3782
78.3256
30.7636
26.3876
93.1128
47.8326
83.3103
46.867
25.7005
87.4083
21.8853
48.7803
77.2131
52.0615
81.441
34.0706
93.2343
67.4699
77.9856
29.0064
13.9183
18.4136
42.2179
78.8363
53.3626
85.1514
22.2691
82.3947
18.5767
18.8923
64.2288
76.0173
89.9485
36.1275
45.2276
19.1401
83.8041
72.3621
12.287
77.8994
58.25
68.564
13.2729
46.5629
82.194
43.0054
98.6029
45.1803
31.8795
14.6586
79.1001
61.9574
63.6054
69.0622
79.0756
35.03
96.5153
58.9939
76.4613
73.0654
91.7534
68.1462
70.1041
60.4966
77.1543
60.5587
49.3299
47.2514
18.0127
48.2455
28.9783
59.9195
43.088
58.5114
20.0202
68.8886
21.4441
68.4516
36.5045
20.2229
17.848
50.1159
33.161
42.3241
46.5131
66.7337
55.5067
67.8104
19.9214
60.2985
34.1974
69.6771
64.8892
67.3736
82.2321
27.5547
97.4378
42.3392
40.543
62.7152
39.9889
96.512
18.4163
63.0609
94.2113
16.0967
67.9675
62.8146
15.549
29.1694
50.7923
23.0141
34.8085
56.8972
42.919
59.3321
42.8103
59.3769
79.5234
10.2097
78.5633
48.4914
19.5468
23.8523
13.6207
43.5716
60.155
60.7197
92.159
57.5281
43.0045
83.775
51.8869
63.7472
92.344
43.1009
95.8962
51.9173
53.342
49.5878
21.6352
73.4848
90.4597
77.6854
10.1157
36.4931
16.9024
96.1283
24.5475
63.7158
18.7912
95.7262
43.311
88.2571
59.5692
77.0734
29.9208
55.9651
82.9422
69.9319
28.6051
25.8977
30.8156
60.3366
67.7307
43.1867
55.0439
24.5725
12.4139
14.0604
84.5923
52.4091
95.8292
72.5265
11.6317
47.1228
68.2743
80.6141
52.2782
22.5345
30.9634
66.6707
25.1453
81.5539
85.6611
20.0809
32.8965
69.1424
56.9217
77.0892
85.4249
62.6168
83.925
86.2241
23.28
75.7028
91.5866
23.1579
84.8713
43.8397
54.7467
47.2383
25.7349
76.2345
65.5446
72.7881
94.1126
65.1331
35.9501
37.6816
32.3315
26.212
38.6562
52.5206
23.9797
80.5522
77.5877
20.0265
10.1591
80.8246
33.7897
70.1199
89.6964
10.933
14.9585
45.7323
96.784
37.5042
37.9438
14.4963
78.8455
17.0059
32.9624
42.8246
57.6509
56.515
76.0607
10.7786
87.6026
86.2403
20.7665
89.0499
60.164
58.45
46.8514
25.8793
74.7833
38.9132
91.7809
58.7786
60.8454
42.3508
11.8444
67.0149
33.1982
82.6654
44.7916
75.8999
34.3443
82.4137
12.6431
80.4982
29.7151
41.4247
13.4407
25.1677
35.6236
19.6569
19.8105
72.0262
28.1285
10.7338
37.6951
76.0399
91.8439
30.8735
48.2719
66.1302
41.9278
20.2427
11.1265
38.7233
43.4486
89.878
82.5803
69.0013
72.438
90.9427
64.7375
21.0862
29.8159
65.8465
88.0278
31.7052
37.1056
23.0922
88.5478
41.3962
60.2257
36.0705
86.2234
23.0508
77.8253
98.3731
60.2116
12.7666
30.4414
91.0125
20.6211
32.0091
78.8325
13.0619
70.4963
80.0001
24.2273
17.8713
67.3281
76.3514
13.5729
49.5789
80.5302
48.8866
46.4189
44.8903
93.8573
46.6376
24.2888
28.3934
25.1879
32.1384
78.6298
39.3633
67.2049
11.1159
27.6754
24.6672
29.4685
91.3144
57.8044
67.145
68.7967
52.035
52.9591
91.787
61.4311
63.445
59.0511
25.9145
21.0668
50.7673
29.7392
37.2734
90.5612
34.3627
95.2967
91.7348
51.1931
95.2413
24.4752
39.8145
37.6578
35.3285
40.5537
50.5971
76.6645
61.9727
43.8939
32.2718
53.3407
71.188
86.9268
38.7131
36.4867
73.6066
93.6737
19.493
35.3243
26.7543
42.0195
31.7919
41.5134
78.1341
71.6691
42.9461
89.0363
59.2059
42.0679
45.6496
10.6694
37.0488
72.1504
46.5933
51.7703
55.8232
37.6581
32.8771
77.9983
63.5121
41.6975
72.7099
95.6031
70.7935
18.3761
51.6107
82.8728
59.3981
68.1337
14.5499
55.8201
74.7788
47.1536
42.5148
46.1438
94.759
74.5049
94.6344
44.83
69.6113
55.4215
21.6566
31.424
70.6251
83.3536
30.4275
76.8213
85.672
43.4715
91.3657
33.8387
22.6904
73.7664
49.3665
77.9687
32.6435
11.2854
46.8547
39.0949
38.4355
46.3883
20.9331
56.0921
54.752
31.7109
58.8007
59.9142
79.513
17.5675
65.1739
78.2911
25.6543
96.9802
90.0456
75.941
39.9283
34.0687
37.7497
60.8116
62.5682
43.7468
65.565
76.2078
33.2897
63.1435
58.2413
21.8279
90.5677
14.2957
16.2785
56.1088
98.4607
84.5452
35.3832
94.774
60.0792
53.242
74.56
44.6375
89.3883
27.0723
61.5423
19.1521
49.4366
29.3911
11.0932
49.5551
42.7959
82.0337
50.1107
10.162
76.6841
88.006
50.7674
13.852
68.4344
53.4724
53.8768
31.7803
58.7916
33.0691
60.5459
76.0809
59.4425
76.1013
79.6433
66.3857
50.9601
29.7127
16.0752
92.662
25.5651
71.3479
24.3548
77.2891
90.7347
40.3326
44.1869
81.4363
68.7911
80.679
68.1714
95.956
24.3089
26.7585
11.6542
72.1484
12.0479
50.9708
71.0381
93.5572
66.0538
80.3221
62.2191
68.7333
66.6594
79.6914
45.3557
26.726
98.3681
31.3898
17.6685
38.3874
67.9667
33.2049
18.3475
90.6195
95.3493
60.0203
28.8228
48.9313
47.2954
71.9757
87.6919
21.5771
78.5639
15.7093
79.1331
19.7551
60.2468
44.1695
25.323
13.4348
47.8266
50.1011
19.9151
38.0597
86.3423
76.5271
92.3754
87.7332
18.3636
63.3639
62.9538
53.8148
45.4696
44.9369
54.7655
37.843
69.5942
91.4531
59.2178
34.2597
18.4595
52.6673
51.0408
72.746
83.4417
74.4146
25.7599
59.2398
15.3781
45.7298
88.7479
24.5457
82.5376
29.4593
53.1674
93.5668
28.6707
34.3831
10.3888
80.7762
58.4588
78.4016
87.1495
12.1804
65.7908
63.5282
90.2447
68.8754
26.8705
22.1092
21.585
81.0248
37.9865
98.1799
94.4425
14.6775
25.8709
37.1981
97.2626
27.2828
11.8312
72.6628
89.3247
53.3674
58.5076
93.1586
37.9098
93.1325
11.1525
48.5238
23.5685
65.3577
77.2724
80.3064
96.6788
33.0289
88.7641
83.7736
42.799
34.425
39.5818
93.296
54.6629
10.7543
43.8383
66.1505
31.8711
73.3673
50.9291
15.9589
71.9821
15.0413
77.7384
77.8018
87.3446
56.0712
58.4703
90.8862
14.0038
47.867
55.3739
14.4856
52.6878
18.4508
24.8225
44.7341
35.9354
35.2334
39.5125
29.7541
18.2784
33.2396
91.0293
49.8393
97.9863
36.9132
54.7046
96.1791
96.8232
85.2297
38.2727
95.814
22.8433
43.8062
14.6916
29.9474
64.7275
67.4413
79.2244
97.8213
30.4824
14.9032
32.938
76.2987
90.3823
48.7129
82.5772
64.2281
13.6736
41.4131
69.77
95.5791
26.838
64.7976
92.1828
93.4199
60.9056
95.7075
21.2354
29.7507
45.9729
62.0476
72.5469
77.4201
24.1031
56.5625
79.2263
14.3981
92.0408
75.1405
53.5572
66.3683
68.5149
37.0265
52.0445
21.5399
32.5877
81.2326
59.0361
10.6998
71.7887
24.7096
38.1094
34.7598
97.9159
93.482
66.0726
41.1833
63.1846
53.2337
98.095
24.2466
17.4099
55.344
75.4723
49.182
12.7911
32.909
22.1795
46.651
85.0984
31.4874
22.5344
44.6349
74.7026
44.9158
48.6948
64.5319
69.9869
37.7846
86.25
37.0819
54.3686
57.6809
49.5884
53.1148
14.5893
18.3508
13.4464
75.9141
81.2396
28.6567
72.4208
85.1188
38.7177
31.4947
32.8654
69.4437
49.1927
80.1908
38.7986
58.3517
34.9957
55.399
35.7326
47.2847
54.3575
96.4454
26.9855
73.7771
30.4471
28.8377
20.8532
23.0933
74.0143
26.4802
65.7177
66.042
31.9553
86.6907
41.4529
96.2655
50.1504
23.165
34.1799
43.9972
25.523
13.205
54.6785
18.9332
89.4729
74.768
68.6463
88.7794
41.8107
42.6488
11.8282
82.5742
56.0064
16.2616
48.1659
76.7956
17.3052
56.2258
62.8383
18.4041
21.5251
19.1275
64.1958
12.3555
64.2473
20.3848
37.5832
61.115
17.9897
41.6903
88.2157
68.4814
89.4979
76.2707
90.0299
29.5014
11.2539
39.0666
14.6363
70.9249
89.7153
20.4434
43.5045
49.6721
69.0752
78.757
76.8818
70.1086
75.8748
27.0238
25.9788
42.2828
22.9886
29.0631
95.4683
51.7676
65.6522
81.7359
30.5738
24.0083
48.8666
34.7975
24.2592
27.3859
51.2036
42.2283
39.8545
26.7376
77.0989
62.4416
40.8457
63.7549
58.1629
96.9826
25.5298
84.1088
55.9275
69.9284
74.613
93.656
21.1311
60.1618
43.7782
62.4693
97.9969
17.5386
88.6846
36.8794
15.7701
21.85
29.5095
44.1442
24.9153
54.3252
72.7649
35.954
23.6879
28.0793
87.8346
75.3619
73.2979
12.2845
65.9427
47.6549
46.4032
97.2682
17.5271
31.2107
80.1222
14.0908
15.35
94.5584
75.3316
85.9676
91.9684
90.3864
62.7374
59.0382
15.5704
47.9051
68.9868
51.8178
20.8981
78.5242
90.1716
82.0354
79.6229
48.606
70.9767
24.3965
55.2199
67.3637
44.8087
18.7706
75.9878
98.0816
82.5369
14.6754
16.8182
31.2932
68.5555
23.3894
47.9914
54.4169
55.0834
15.9373
55.219
19.2973
73.6546
47.9081
47.1687
51.3021
44.4575
14.7908
49.0886
79.8386
35.1091
19.5335
92.755
46.7131
14.4133
50.1301
80.185
64.6894
55.289
89.1389
50.6194
44.0776
62.9495
15.9207
50.4076
38.396
16.3516
41.2077
91.3897
52.6955
57.3491
89.2708
36.7054
30.4581
58.6985
21.7612
15.9685
81.7152
34.81
40.9209
83.8928
29.6595
60.5341
16.8467
66.7706
59.6367
44.3429
56.503
25.6433
15.14
67.5877
55.9384
52.7707
19.0033
76.453
57.7768
32.737
59.5206
48.6483
92.8857
91.9457
45.3827
19.6678
94.4113
22.7876
73.1372
73.3216
56.0452
97.4922
19.0408
18.1566
85.873
60.2116
57.423
29.2741
81.3951
54.351
14.5997
32.2491
91.5549
96.233
57.9032
45.5566
79.3465
68.4512
52.8749
54.8531
39.7305
84.6728
57.452
70.1034
81.0197
88.7118
39.7113
70.1461
88.2262
44.8192
87.3738
97.8601
57.4561
76.3752
51.6073
59.2009
58.6467
82.6932
54.9366
60.1771
63.7964
94.1477
30.9606
93.0246
27.8669
54.4664
14.2976
14.8594
81.4254
63.3284
26.1925
56.0879
33.7224
21.6435
37.1223
69.1684
43.7736
22.0697
97.885
30.7636
50.845
61.5447
67.2986
76.4766
87.9768
26.9431
82.6966
57.5519
93.9286
54.0948
54.8962
28.311
58.0877
32.518
19.269
88.9442
15.8014
86.2506
34.5096
95.3996
22.1738
97.7863
20.9723
58.3482
66.7251
85.4225
43.0937
45.5208
82.463
57.1122
34.2621
96.22
27.3257
31.4897
25.7988
80.1817
39.4852
37.2855
10.3764
64.0366
92.6089
41.0387
53.2574
94.8793
35.3283
81.6221
81.7295
83.2254
86.0245
66.1157
97.8577
26.1182
36.6851
71.1156
92.5132
74.7662
19.4928
65.417
88.3422
49.9551
34.788
22.1768
65.0219
79.8835
54.3647
95.5926
32.3578
58.0478
88.8979
23.915
58.8273
36.224
66.892
97.5018
41.1134
68.5976
55.5335
84.0303
63.9933
50.9027
63.4085
73.8762
31.9893
67.3211
18.4514
26.5236
79.9234
56.608
48.3466
73.4631
16.4915
26.8566
43.6533
62.393
45.7404
74.5465
75.155
37.1729
57.101
62.9422
74.6044
81.9428
35.2347
65.1329
