81.8072
83.8517
87.2873
41.041
82.1268
57.8159
80.8104
70.5825
63.7556
51.0515
21.2633
93.4924
35.5921
41.0216
70.1869
91.1193
41.284
30.8604
24.5213
79.053
27.6997
18.8772
79.9021
66.2681
32.4413
71.7778
51.8243
95.4243
47.1077
93.649
58.0862
74.1356
47.8246
86.6511
72.052
55.6971
78.3753
59.7013
98.7554
41.9384
89.331
68.8662
69.3338
39.5115
69.5306
24.0996
23.6185
90.6195
66.5181
43.8028
57.8008
54.272
89.142
25.5659
80.2758
43.9512
87.3048
39.2095
28.5011
12.9729
66.3306
47.8428
69.2083
69.6976
32.4326
68.5949
34.854
13.9395
12.9911
55.9268
65.302
89.454
66.1218
79.4588
22.6395
50.4288
87.3094
17.5844
58.7191
67.5335
13.0422
27.4809
58.0456
56.9183
93.9514
56.6482
96.4274
27.9846
78.9818
79.1833
21.041
62.3569
81.6112
66.8726
85.925
92.3189
75.7282
34.9814
75.7716
20.8569
94.6901
48.9565
86.5265
21.7516
10.1387
42.504
29.5824
71.5167
68.6042
35.1409
38.2255
46.2392
90.0037
17.8347
98.2883
25.6628
53.2089
77.7212
95.7077
66.8894
63.8042
95.3908
49.1841
98.5511
25.1162
30.2045
40.6177
66.593
41.7717
22.2311
65.5363
33.0434
43.6839
93.3879
91.7026
58.5351
16.1797
52.7319
37.1051
74.7827
39.1079
81.2313
70.6033
70.2465
75.5063
12.9466
46.4255
67.9056
26.806
88.1599
18.5774
72.9468
54.6077
71.7461
47.9603
90.7357
80.6178
36.2877
66.4961
98.381
42.989
81.7718
88.1654
28.2719
77.9106
22.1446
87.1059
13.1211
39.3568
18.8856
67.7571
84.6889
13.3412
58.3851
59.6519
85.9268
92.2401
93.3859
75.256
29.677
32.7223
32.9305
29.0498
91.8822
64.8277
32.0567
37.5063
14.4129
77.781
92.0869
23.6195
23.7968
12.9487
81.1819
20.8341
69.5755
59.3467
87.7767
88.7335
64.3859
42.5128
36.2719
82.8892
44.2198
28.918
61.5451
47.5431
69.372
60.7159
56.4206
31.2311
48.4148
76.2395
73.2223
24.6226
90.6398
58.368
65.4729
86.7005
21.0784
49.9593
97.172
68.7471
66.9837
37.1859
95.2957
69.397
21.618
96.5658
92.4609
59.3077
15.7058
38.9045
61.6478
69.4402
73.2577
18.373
51.9104
15.1634
54.9734
49.404
90.5507
28.5394
27.2174
17.6971
79.0304
65.6709
46.2275
55.9754
42.6827
35.502
21.4989
40.9499
83.3432
35.408
57.9107
71.8847
58.5191
63.2493
69.3431
25.2598
75.6138
82.1029
56.3195
76.8105
54.1409
55.2224
56.4746
16.9005
40.6919
17.8745
88.477
18.2304
38.2508
46.1553
94.2737
23.2795
65.2746
92.2144
81.1235
22.9934
36.0573
32.0551
18.2764
33.6617
71.6891
89.3349
18.2461
67.7147
86.9467
25.8618
76.137
10.8579
71.1558
87.8463
79.6769
45.8278
71.5877
59.3749
48.658
40.0662
11.285
81.3377
29.2902
64.8291
94.9917
70.3079
19.3322
58.7155
70.2276
96.3318
65.9664
73.966
21.9678
95.7981
55.2023
66.6447
24.8263
66.4547
56.6444
30.7088
82.8418
78.9844
90.2954
72.0652
26.343
92.7831
96.7012
73.1559
26.7363
93.8036
84.8904
49.3016
29.7738
71.8953
49.7078
13.6113
77.4185
86.1547
42.5338
80.6386
19.2617
92.0534
17.043
29.1445
34.0944
85.8323
52.5169
31.2662
22.1773
91.5872
71.1863
58.3641
93.4345
63.4131
10.5166
10.6007
29.4405
26.2431
96.0313
52.9173
35.8523
52.3117
19.1691
41.135
88.9699
78.1557
19.4504
16.3627
38.1538
45.0872
91.3523
26.981
11.4732
22.2059
58.4774
91.9457
29.7295
68.5316
88.4293
18.4496
87.4124
12.56
85.8591
16.6142
56.7128
24.256
66.5782
37.1191
56.4457
28.1967
45.7952
73.7941
44.5937
84.1578
64.3413
59.0938
35.2304
48.8782
80.0697
91.7374
95.5328
34.8158
16.6546
80.0141
22.5886
94.3295
38.078
55.9444
80.004
35.4356
34.6322
73.8603
74.8862
45.1137
70.4748
68.688
97.8431
12.8572
98.883
91.5354
51.5687
37.8204
12.2452
31.958
67.0279
63.1224
28.6598
17.9474
63.9888
71.1942
88.074
14.3863
43.2971
44.0835
21.2531
65.5738
56.2318
78.9625
53.4195
54.2386
21.3851
49.0506
57.1209
27.0763
77.811
35.6933
24.6429
54.5597
95.5183
17.2329
46.1726
42.3913
31.5443
87.579
52.2914
18.937
37.3204
59.432
30.6135
91.3503
33.3043
55.0152
45.5106
25.8084
46.8447
51.6464
90.4487
67.9474
75.3181
30.0318
72.4971
13.0115
58.2832
63.0001
97.5119
63.7721
95.3909
95.0562
61.0504
73.9347
35.4818
69.0727
59.7393
15.7576
88.4136
49.9435
78.3056
78.0817
17.9172
81.7655
57.5239
31.2814
74.5297
74.0507
41.4495
65.4485
15.3242
90.1512
58.1644
61.3382
52.8989
96.6381
78.6637
58.4528
24.695
19.4695
38.4529
86.9293
14.1187
82.3578
44.5942
57.8884
34.0593
13.0601
51.234
88.0927
83.4148
55.295
52.0427
54.0582
97.3904
65.754
57.6777
11.9638
98.6117
53.5876
31.1255
90.3685
75.7653
48.7859
12.4123
65.299
47.3619
85.0169
41.3909
83.9855
45.3948
14.5534
28.308
26.9654
86.176
65.9712
25.5747
88.3037
71.8978
58.7171
37.9199
76.877
29.1084
83.9552
34.162
21.1965
89.2549
25.6751
35.3538
61.9482
64.3207
74.493
60.0545
76.2257
18.2553
65.0214
16.7472
56.6841
45.3654
38.2521
60.1261
27.3669
24.9888
80.1412
20.914
58.8477
24.6766
95.0275
67.9225
30.0835
29.3139
65.4243
13.1971
26.0222
40.051
43.2171
23.9855
86.689
58.2095
93.745
17.8262
44.8214
36.3811
94.3715
91.0129
53.5731
32.7876
25.2255
32.917
46.8342
13.541
60.0104
65.0918
32.4897
56.7398
77.9072
88.0621
62.4151
89.5329
81.5725
46.6014
76.6716
80.9729
74.8196
42.5401
44.5984
39.1987
93.79
32.4804
46.9327
65.9803
93.4917
93.8432
26.5437
39.2115
47.4604
86.9432
30.219
54.9699
22.8141
93.7615
20.8289
50.2966
34.0821
74.5347
37.9786
53.9968
40.7803
97.0344
96.3433
36.0832
45.1017
83.2541
16.5583
15.1346
48.2165
77.1212
76.2397
76.3051
58.7033
98.4792
46.199
95.8899
63.8271
63.0835
15.9339
15.3983
47.7275
25.9026
16.5154
85.0443
18.3532
10.986
88.2613
25.3884
98.3112
78.173
15.6489
83.5424
14.2103
33.2516
90.0307
59.4316
23.5016
85.1904
32.2902
60.9454
35.4116
19.5808
41.328
72.0553
35.6732
18.2588
34.5881
87.0169
54.017
33.4345
67.9555
82.1944
52.2414
62.7754
77.6476
47.9374
90.2275
72.651
79.5552
10.153
95.1249
41.7393
88.1539
92.9755
71.7346
88.0366
93.5799
38.8085
53.4049
66.6496
37.1795
48.3824
46.042
66.9005
52.8801
84.6108
40.4666
31.4645
89.4182
83.5258
53.6761
66.5543
30.2994
53.3124
44.9665
41.3576
94.7774
28.1759
83.78
24.2379
62.1087
12.8944
41.2594
93.8272
16.8152
19.0796
88.0589
33.8598
28.7252
56.8168
35.9089
92.2191
74.3109
30.1878
69.978
53.3912
56.0935
13.052
95.5649
22.5926
76.3425
39.3665
23.9715
52.3316
40.451
46.3175
30.1098
66.4605
68.7247
97.7541
65.7025
97.0485
93.7781
86.5063
76.1837
64.3721
15.0663
78.1102
83.2497
63.0997
78.1183
69.942
79.368
87.2841
90.0348
11.5984
74.6973
22.2674
48.1574
65.9149
63.9261
95.9069
23.6557
71.6398
94.9093
16.0484
48.9416
81.5338
29.3623
49.3505
52.8772
65.8805
97.7777
96.9403
29.1833
86.7722
13.1214
37.0115
73.9785
35.707
31.0304
48.8375
42.6859
48.7405
83.8599
87.7753
69.48
52.7979
10.2723
93.6679
72.183
72.7908
88.8605
31.1438
27.6454
74.2899
59.196
86.2711
11.1758
40.7307
28.4013
41.4431
27.0495
88.4436
83.4892
72.6425
30.5099
97.3528
33.9576
88.6621
35.8133
15.9111
26.7413
25.3806
41.4327
48.4304
17.274
74.9948
79.2951
81.389
26.7253
17.3776
35.6125
41.2935
61.5474
56.3512
64.2334
86.4354
34.9773
78.5932
79.9314
28.3005
43.6381
61.9052
91.804
29.0063
65.7388
61.6596
45.2329
61.2446
96.9305
88.457
71.627
33.6222
57.3502
67.024
39.4808
59.9748
47.158
94.1037
12.6434
38.9382
82.5239
58.014
36.6898
90.7137
44.7047
97.7639
69.3007
45.726
77.9497
58.6864
78.4264
82.1562
78.8353
48.2752
27.0997
78.2099
28.0544
15.2236
40.5599
91.8882
95.0684
29.4797
33.6116
98.8218
86.9914
79.0785
23.3462
76.4959
21.5664
74.7509
38.7487
34.0464
68.6243
36.2219
78.7718
82.1491
84.4969
36.4091
92.0541
80.7717
81.8915
29.9479
55.7658
44.5026
33.356
48.9906
14.9156
37.5927
66.3899
41.2085
29.0892
74.5003
48.0151
98.0123
65.626
58.4506
39.4111
11.5427
22.8745
78.0775
14.3821
44.3963
20.5753
42.7337
66.7912
58.3442
21.7101
42.7006
12.2466
89.3915
80.3873
54.7691
19.6807
75.0628
78.0245
91.3904
67.1821
93.2311
27.3577
70.2541
71.1496
20.177
56.0629
37.9089
51.4146
38.5668
77.4711
78.3819
30.0766
58.18
43.5652
45.2667
43.1035
87.0151
12.4141
62.3178
89.0939
10.5667
50.2152
79.6348
89.0071
19.2313
30.2657
69.7617
40.3373
42.7001
84.2931
57.7676
71.032
11.0161
30.9471
53.9214
49.5025
52.5768
37.4621
23.7982
77.2157
31.8433
35.3393
76.1364
92.0305
50.0034
97.111
42.6889
13.3738
60.99
21.1319
48.5985
19.0937
75.7597
69.2461
85.0726
68.0551
50.7413
35.3612
59.5117
43.8407
95.7235
75.0739
97.5562
92.7098
94.0276
67.5815
22.8138
50.5603
72.2723
54.2874
47.153
29.6294
72.7542
44.1969
49.2654
68.3965
70.6541
67.5147
85.9548
64.4642
67.3598
36.9316
61.0607
80.1801
50.4559
22.0162
89.05
89.3549
54.6273
42.2507
58.562
98.4944
13.405
88.9475
58.3758
16.0724
79.8561
26.672
53.2165
25.6633
45.8699
81.8866
49.0545
46.3448
20.2893
76.7125
86.691
65.3583
24.6114
82.4509
17.7649
36.4649
76.5462
44.1507
46.453
36.3086
74.4404
53.8673
12.0943
76.248
83.8454
33.307
77.4484
25.5276
96.6423
59.9271
83.4182
37.9952
59.6613
85.2078
69.2753
76.6214
17.4621
95.412
65.2206
98.6345
64.1087
18.1371
17.8297
93.2841
36.8661
50.7799
72.8041
91.2306
50.3541
68.5696
71.4272
47.8458
15.1439
98.516
42.4238
61.8355
36.6138
62.2127
39.2245
84.9364
74.9097
80.9588
42.651
85.8765
56.3277
58.1438
21.645
69.4761
25.6991
65.2039
79.6485
83.9613
13.4065
69.3167
88.8505
59.3039
25.2244
38.3097
55.9757
22.5699
28.11
25.0935
88.8613
29.4365
45.9626
68.7133
65.9727
71.1619
72.6382
64.5767
91.5291
51.1361
25.1541
33.7401
96.8757
74.5177
62.4346
51.8462
11.7235
96.1687
52.6149
76.6384
50.2286
45.5219
90.7691
62.1169
49.8027
30.23
75.5136
82.4246
13.795
69.755
28.3293
88.1443
93.2565
34.6269
32.9816
70.4027
31.2928
82.9106
26.1805
11.2745
37.5386
94.3504
36.9245
23.7069
60.2923
56.2176
13.2853
46.1554
60.0145
45.0393
54.8297
13.5764
37.328
33.9431
10.999
47.0874
39.5751
50.3698
94.5627
39.1032
60.9906
88.5049
32.3079
80.9788
24.3461
54.2322
69.6645
29.922
14.5142
56.1393
34.6179
49.1748
62.6418
89.2541
79.9671
61.5889
58.1796
27.6228
29.2455
54.2923
66.4905
19.913
87.0529
35.6227
52.4262
96.489
58.9736
33.3468
12.7782
55.5041
86.9078
61.4082
44.3532
36.1254
65.8705
34.3904
64.6248
95.6767
15.3351
15.3706
14.0008
36.4672
55.7123
81.8258
80.3221
16.6654
25.1147
34.7362
64.4596
92.6717
98.1342
48.7089
97.4201
75.323
80.616
62.9246
41.7221
59.9
81.1862
89.5533
92.648
57.2892
19.1244
66.5206
18.2353
23.1125
69.1803
16.4424
87.4385
25.2865
78.6106
72.151
35.0653
35.7745
96.046
50.6624
72.3861
56.4814
13.3226
14.9255
11.783
87.0886
38.4642
79.7215
81.3326
17.5893
39.4036
31.536
75.2948
39.5098
71.479
91.9863
70.8191
65.1786
13.1214
33.6716
43.8595
91.8961
72.9326
90.0414
54.0792
92.5488
26.0445
46.6658
41.5101
87.4788
91.0903
40.5884
81.1588
58.1943
57.1995
95.4865
71.4249
78.1125
82.442
56.531
97.5847
84.2445
43.5372
40.286
22.631
47.0132
68.5826
81.1476
35.6403
20.2283
74.0499
24.0134
33.1515
28.1127
11.8314
88.5065
31.0281
52.4311
55.6004
75.5896
65.4232
87.1154
83.0369
80.1819
47.2792
50.5276
10.2261
77.3182
36.4579
21.4453
36.5695
29.2257
88.1517
10.3242
87.5769
65.6413
25.9517
34.0486
98.8498
89.5478
59.7365
24.6125
10.2428
93.7671
28.1135
52.9464
82.0816
88.3322
20.2013
22.1244
32.861
23.6643
29.0765
54.2191
85.8124
94.7616
93.9019
76.3044
30.615
16.988
83.8655
58.4694
67.9267
11.4743
75.5923
34.5578
61.1244
83.5985
24.5803
88.413
23.2787
40.557
37.8209
24.7568
91.2096
95.3955
58.3021
55.7666
43.1125
10.326
37.9391
28.0326
28.9978
56.8307
46.1798
29.2356
30.486
65.1552
88.9785
34.3619
71.7222
43.9717
71.2508
48.8794
92.8269
75.7165
34.019
39.2659
21.9455
48.0764
30.6252
97.9791
49.8831
78.2941
12.0246
71.2698
72.713
93.9131
43.0122
80.9865
33.2627
44.4137
88.7681
61.1433
46.708
22.5783
60.5314
86.3979
90.6649
49.8102
48.0884
21.4988
86.8274
49.8187
67.6535
35.2086
47.4041
14.9124
82.9458
75.3722
48.6421
84.4208
61.7661
53.3389
63.5636
96.1855
39.0731
19.8243
98.1265
31.5182
64.1031
81.015
19.8127
56.8391
98.6748
13.643
80.4235
34.5559
83.7447
10.537
46.7556
12.3625
21.4022
55.018
90.77
18.8527
20.2459
11.2598
77.3702
88.4161
89.6956
49.8021
47.3466
28.5685
58.787
51.6064
68.9677
78.1875
26.4947
17.0965
49.7744
57.2457
43.5013
31.099
98.3774
27.6546
52.1413
34.9095
93.4567
87.7506
45.1422
36.2177
68.8609
85.3073
69.176
95.1771
14.1959
56.0561
43.5031
58.6949
69.7341
31.8711
36.8629
22.5817
51.0625
70.454
46.996
64.6661
11.4691
74.8935
55.6641
89.2346
12.4728
92.0953
78.063
38.1852
89.3717
20.0312
56.4733
89.2012
90.404
81.6985
79.3326
74.9883
33.8398
65.0332
63.7251
29.5168
21.9407
46.8601
79.7576
49.3384
83.1575
17.2524
38.3759
83.8407
97.9014
98.9203
25.1732
95.1557
89.6708
98.8468
53.8194
76.9971
97.3608
20.0602
28.6355
22.6084
56.3879
41.9622
31.4054
93.4955
74.395
44.5405
27.9456
45.8
35.2732
21.0045
35.3176
22.7678
78.1046
81.4582
49.5964
43.705
85.6953
83.141
10.9007
37.6942
68.8734
43.0764
97.8474
57.6279
69.8334
29.4522
28.7585
15.4429
52.5752
80.9363
84.4999
22.6074
67.9554
16.5499
18.8102
62.6259
46.152
91.7565
21.2181
42.5788
51.8794
82.4355
37.0656
45.8152
44.6728
22.1324
18.831
76.5334
96.337
96.865
43.91
48.4158
58.515
31.9583
63.2192
97.027
65.4431
45.0907
21.2181
91.1829
70.3486
64.6841
98.5588
77.434
74.2024
78.2246
19.8197
79.8311
65.8244
67.4483
89.2405
52.4271
81.3305
24.2926
40.8303
76.995
21.6607
25.6585
42.2693
62.986
58.664
21.0281
86.1858
84.7116
64.5895
87.2845
32.6135
47.2648
74.0572
87.6147
82.735
85.6236
19.7562
94.0715
22.6107
84.773
12.8207
12.2408
82.0983
75.4081
76.0845
54.4388
96.3312
97.6057
35.5901
94.6031
82.0265
30.7093
44.0854
68.8461
73.396
51.0287
20.8903
37.5502
15.0099
81.7329
27.4081
50.8864
55.9229
27.7791
77.1218
24.7726
37.021
30.346
53.6086
49.1426
16.4158
78.7903
59.1581
44.5733
30.8584
62.7144
67.5893
28.1271
14.4132
75.8025
17.4143
16.6402
57.6382
85.5962
35.6774
86.4486
52.5393
60.0408
69.4615
49.0924
48.3962
30.6578
64.2724
83.6301
81.639
84.8401
62.5964
97.2308
31.5422
14.3625
13.3938
24.6573
57.6641
62.5049
81.8687
58.2353
36.1145
30.2322
39.4325
78.2993
33.4679
71.0028
23.83
40.9934
12.6912
28.8661
18.9704
61.2442
59.6004
69.5718
68.5608
48.3429
65.0277
31.652
72.7232
58.6324
28.0467
13.3686
72.4084
92.8067
30.4849
62.9127
55.0088
68.9744
87.9716
55.8595
16.3404
57.8711
82.3694
75.7431
63.8394
73.4918
26.2496
89.2859
33.2016
77.0498
33.6026
80.6805
53.8182
37.9078
50.2538
66.619
82.4662
95.1704
10.7634
55.0586
71.1647
97.8659
26.6521
98.0063
39.2117
36.0201
95.6718
70.3585
45.5904
48.5111
40.2253
72.7129
56.8162
88.0182
11.5265
48.858
60.2737
53.7911
42.0675
55.3365
11.4775
20.2198
88.6334
91.9846
53.9308
76.9731
78.5554
84.7915
19.2081
59.1805
49.6346
17.8993
14.4997
60.5154
13.0741
21.4813
67.1591
52.8044
75.183
10.4758
44.9866
90.7892
65.1584
92.1473
54.4335
92.0038
72.1712
45.3824
93.8189
21.909
16.8241
41.981
32.658
43.6826
56.0645
72.5432
81.9755
11.9128
39.1077
49.1388
82.5211
83.5335
78.1707
76.024
73.0549
63.1425
91.1982
68.8881
33.0712
46.1159
39.9769
21.5663
21.5514
58.0071
70.4305
10.3823
27.4832
94.0973
40.8652
95.7983
56.5664
97.8457
90.3018
10.3543
67.5706
48.4874
44.7811
42.0004
95.7757
19.8436
83.8681
57.5439
76.3458
83.8206
68.4996
50.5987
56.4689
40.2831
41.1682
70.8025
56.6866
83.0946
91.8306
84.5059
34.9382
81.6419
47.6165
12.5872
57.6386
25.8753
31.3582
71.5053
15.515
57.0054
29.8892
53.2041
45.3082
58.9922
93.9684
63.2021
22.7108
17.9008
92.5063
20.1927
63.6348
60.9524
44.1449
14.1201
14.2442
26.1602
74.3997
48.2258
38.9283
74.1598
26.5965
84.4803
20.7441
82.9152
30.7666
65.6019
93.0406
51.9196
26.815
21.8973
46.724
62.1788
47.9597
47.4104
39.2539
64.1809
70.6234
25.155
11.1206
95.7651
80.3966
25.5632
54.7105
95.4086
65.0412
56.5409
63.2038
80.9677
12.3893
74.8027
84.3978
50.1011
35.7187
83.9018
85.2869
37.577
83.9294
19.4269
78.4595
32.715
31.1124
25.6362
72.2544
33.9272
71.2515
46.9779
52.2802
38.3589
89.2645
65.7724
78.4737
81.9222
63.0767
83.3187
70.8994
12.1279
68.9635
53.7427
26.983
93.0578
18.6868
65.951
96.7098
26.6915
65.1362
87.6126
15.7248
21.7243
62.0852
28.3409
53.9503
93.6178
14.3209
78.3247
78.1556
89.9585
86.4027
78.616
46.4904
62.2485
44.2261
49.283
13.8735
34.3418
89.5841
79.5099
86.8663
39.3155
15.0122
19.4907
71.349
50.5648
82.3459
12.5993
98.7606
45.5006
77.8635
18.7978
88.6555
64.4244
45.7258
41.8054
41.3051
48.9966
38.3796
20.4783
84.9214
41.6607
32.988
64.5156
25.9827
93.9171
25.8339
94.4558
91.5335
38.9339
69.0606
47.0095
32.5158
13.663
56.316
56.4956
53.9241
53.7536
25.2118
24.565
31.7634
74.5518
15.8846
50.8643
33.2411
73.4444
35.6987
44.6104
34.6571
54.9082
77.5382
31.4006
85.453
19.7844
51.5761
79.7795
12.1671
55.1774
77.1437
88.2697
40.7273
79.6213
39.4751
55.1556
72.5668
68.4281
22.0151
75.3314
18.4194
28.2794
53.2202
74.1859
51.5712
98.4387
50.6165
70.5741
22.2218
26.637
22.9508
60.7783
60.5815
35.9239
14.8573
71.1314
60.1795
51.3457
17.064
15.0365
48.7393
31.4971
67.9688
16.6143
53.1308
14.1614
37.9384
43.0361
17.9815
20.8746
34.9916
40.9131
19.5122
83.0405
77.1054
43.088
52.4413
72.6257
70.0988
68.1219
78.8522
85.5452
56.8135
79.2213
23.7115
92.7638
53.1823
83.0937
55.8745
19.5147
21.3354
50.3314
13.9973
71.5068
24.9898
77.1479
58.9226
93.1929
19.2352
60.5753
35.538
22.7701
46.6246
93.4716
15.3614
33.0416
73.9236
21.9115
14.1316
39.7489
43.4941
16.0627
23.9338
18.2826
21.1214
82.3074
27.8339
49.4747
84.2927
32.927
18.142
79.8119
13.6332
43.1437
13.5123
46.9054
16.5401
11.6797
13.5687
41.4938
26.7533
29.982
69.0822
70.7958
67.2486
13.6799
90.5111
73.5574
42.4297
30.4212
34.7611
62.1711
24.4599
55.5938
40.266
57.3995
28.8497
45.651
64.5882
37.8809
46.5427
36.2647
33.3799
89.1961
47.4988
41.1465
60.7123
58.4346
20.4658
13.342
78.0712
61.8067
86.5583
22.8865
79.6698
16.6254
39.8254
41.2221
41.7572
59.4669
45.2833
17.7645
79.148
19.5194
82.7842
43.5054
56.7648
27.5947
78.599
75.6513
20.8909
69.139
66.8046
42.3948
20.1314
31.5897
68.176
98.1258
91.308
13.2212
98.64
29.2273
20.6678
41.7945
14.2087
15.161
82.5845
96.3049
73.4574
22.5308
23.3648
46.0101
38.675
58.6626
39.3863
76.0385
37.0385
40.1488
95.7117
33.2722
79.7442
60.9007
51.4539
49.5335
87.1274
85.3867
49.6963
44.8396
47.8562
19.441
62.9045
34.397
45.9899
93.2934
79.4232
88.4951
35.7423
86.988
17.0654
96.2814
53.7079
26.09
26.0612
20.6391
98.0942
82.8766
23.2198
42.4923
71.7043
76.9351
61.5836
22.4843
47.4792
25.481
29.2855
36.8263
74.9564
97.7949
91.1241
32.2941
60.644
77.1913
54.9203
60.4141
83.2745
97.4926
37.6896
12.8544
35.4887
36.2657
87.6652
38.1765
72.1712
75.3877
84.1415
74.2649
28.121
12.9561
59.636
28.0094
68.0371
93.1251
84.9919
96.5299
13.8748
54.7766
77.148
63.2569
90.2576
28.5991
48.3875
93.2615
85.4347
19.7023
90.6625
95.9281
36.0101
57.453
93.4576
90.2457
40.93
71.6594
27.4039
97.0415
26.7395
19.6129
59.3464
46.5061
72.1411
67.997
73.3453
22.1199
42.2725
50.0951
67.245
28.263
59.6603
53.8506
82.8385
10.8491
67.4966
73.288
23.1665
89.9958
68.8053
80.4976
47.9574
32.8981
15.4626
80.5183
86.4916
67.1652
25.9912
56.2611
78.8942
67.304
72.8378
42.2566
43.8963
96.7092
57.7402
57.7303
37.8249
30.97
72.6714
60.8709
59.3502
37.5416
29.7127
19.1694
42.538
70.6598
63.8413
42.2651
57.1633
14.3816
78.7695
65.118
57.082
50.7976
44.9651
17.9383
16.2189
57.3198
39.9061
98.7133
76.908
34.8284
67.0923
26.3735
93.0826
63.4521
61.3215
44.897
52.3975
43.7855
16.3958
66.3801
63.975
14.4437
60.0414
88.4691
71.0127
60.9404
93.5284
38.1973
63.4338
17.0246
84.0969
13.1883
47.3264
24.5765
41.5645
26.9411
26.1657
67.6415
21.4205
62.0491
22.2555
43.0928
32.7974
83.3663
52.4445
20.7082
17.5682
82.9332
65.8596
48.2631
32.7367
35.6163
15.3169
52.6421
19.1015
56.47
34.4458
93.6868
39.3095
29.45
87.4554
60.9112
34.7011
75.9298
17.5065
35.5271
16.5718
97.8836
76.7625
72.0935
70.6648
60.4435
15.2613
30.324
66.4361
38.2511
54.8964
43.1107
43.8473
40.3382
12.6544
70.493
97.3443
82.8208
94.2324
86.4598
85.3708
69.0692
70.7993
17.3364
82.6292
39.2213
86.1043
62.5313
60.0848
60.6217
22.6076
68.6713
11.4924
58.6026
34.9703
76.3654
38.2726
39.7897
81.8824
48.9797
36.5192
41.0885
47.4734
11.8693
96.1477
22.7701
21.1542
30.8932
46.1877
37.2472
49.3327
32.295
14.4847
84.7713
70.1792
37.4149
19.9646
35.0565
55.6501
37.4304
43.7724
60.5565
28.6898
23.0764
54.7987
59.4436
89.7461
41.5387
97.7102
52.8214
44.5562
39.5594
46.7558
17.5777
23.6835
85.5402
14.3706
19.4071
19.6152
63.9888
86.9146
19.4102
68.4975
20.4287
27.6347
58.7285
71.1881
70.7891
20.7072
38.6124
57.3308
67.8381
27.4393
54.919
20.6221
29.6385
88.2922
38.1871
71.0986
35.8881
72.5855
72.2437
55.5979
24.2091
27.1544
69.4432
91.0481
55.1977
71.8945
47.0092
11.1202
40.027
74.7597
11.0617
36.2025
60.8834
16.5747
79.5357
57.1864
16.7441
22.427
52.2359
51.7087
39.2638
98.4622
79.712
36.3062
17.957
13.3571
41.1642
49.6009
57.5859
71.5867
49.629
55.1809
52.0223
10.017
64.0217
64.3057
80.5051
63.0724
41.2637
26.2069
29.9283
36.1477
34.0319
98.6633
89.8533
25.1106
32.5944
21.8939
90.4484
96.7727
81.2115
79.5369
34.5974
24.867
39.3579
20.7131
13.0169
46.9383
12.8928
13.7135
61.1224
18.9502
57.4426
41.1584
10.9423
52.8485
60.7146
84.5628
69.5667
58.2835
66.6922
57.8105
20.2042
80.1498
81.8559
85.2444
70.6763
30.7549
77.1875
87.5791
70.3068
47.7947
64.1745
97.7902
62.0684
64.7125
69.3778
43.2713
60.4556
32.1943
58.5863
85.3866
83.0545
81.9988
77.3133
79.9945
62.9979
23.2208
74.314
61.0935
16.2588
14.6882
48.197
86.0312
48.6399
68.3724
88.4265
59.6561
79.7009
67.7217
26.2926
33.3127
53.5956
98.7899
45.8327
80.1434
50.4336
78.5433
65.8368
30.7715
30.4947
16.3628
45.7711
75.0591
17.9081
46.0906
29.7569
24.5945
57.1801
82.1664
71.9195
90.2783
97.3111
39.331
21.1518
51.9418
51.8331
59.297
70.2355
41.4658
47.2616
23.0022
76.0487
97.4433
92.5438
46.3244
32.2896
64.9834
34.7949
52.6132
78.1991
67.6906
35.1202
95.7029
78.3335
86.1067
92.9761
76.8827
34.8008
92.1449
47.995
59.3021
59.391
42.1082
40.2436
22.9313
54.0053
81.0174
65.7449
77.2353
65.5064
70.3537
12.255
67.5271
45.2595
26.526
43.5443
94.2019
32.1688
34.2241
95.751
96.2811
15.3637
60.1984
34.7265
60.641
88.4772
22.7491
53.6972
69.5748
55.1992
72.8275
29.7514
57.3982
36.6771
30.211
35.1879
45.3131
97.1181
24.7167
47.1094
91.8592
33.0342
59.9856
66.6433
83.7177
35.489
56.6475
83.5888
87.1746
37.3806
24.4509
81.4934
42.6389
20.9847
15.3254
86.2832
22.1117
88.5743
86.1538
96.9511
91.8835
17.0691
73.8332
33.4719
50.6532
55.9609
54.9566
62.9088
84.8442
83.7587
18.8178
79.5734
33.5106
87.3505
79.0998
81.6702
61.565
58.1256
20.6433
58.0277
85.3519
91.4421
62.7444
28.379
40.6794
49.7976
28.6733
50.2416
76.2138
11.1681
86.6505
51.0385
81.3745
10.7451
89.9705
69.5919
70.2001
58.3929
40.6089
32.0489
80.7904
71.405
28.2592
71.6555
88.9661
86.8119
40.2527
76.1068
49.4978
46.8801
60.0762
66.3838
36.7103
64.1272
41.5321
21.2248
30.5944
61.9138
75.0156
20.3815
38.7839
83.6103
55.4885
17.391
44.9425
54.6278
38.7158
16.8338
37.0646
38.8538
19.4854
44.9189
32.9939
78.7475
66.048
78.5917
38.6322
97.6244
70.0557
30.714
78.9831
76.9791
31.989
14.4914
43.1289
64.5548
89.0235
69.1459
83.6281
86.5212
35.3011
16.5485
36.9263
61.8889
85.351
20.2889
10.5311
82.9807
91.3898
50.6353
81.9729
87.8436
35.1472
55.03
81.2257
83.5323
47.9634
30.1599
49.4909
10.0542
65.6706
12.1528
25.6909
22.3928
94.1805
51.2298
57.9287
25.4707
35.0377
60.8232
29.0093
98.1959
34.0779
95.8804
23.5713
84.6605
97.5859
59.4314
90.4886
29.3461
26.546
51.3515
32.7173
15.0356
21.1284
63.4406
13.7926
27.5779
11.4042
55.1698
22.0232
64.7883
21.4125
47.4426
92.6138
21.1369
97.3713
91.5158
14.0631
85.6654
98.4912
28.745
65.7504
73.0987
96.4914
29.3356
40.6251
54.4837
23.8461
46.0236
46.9043
51.4867
13.5815
25.726
78.6265
53.0748
32.8958
37.9383
64.9423
22.531
90.1651
62.3566
52.0794
46.5711
74.1413
86.2352
65.3193
57.0153
44.2145
21.5682
18.3836
18.8965
89.7917
24.1549
41.8597
22.1129
91.5085
32.7691
69.2941
52.0934
20.4139
62.4364
66.2027
55.8839
21.0162
91.6819
34.2859
34.2404
30.506
61.9285
81.8428
42.7381
38.3774
73.377
71.4598
85.1964
68.2712
69.5922
98.4929
82.4334
40.1349
85.5616
12.5736
86.2886
12.804
46.4349
70.7692
62.876
83.4595
55.5423
56.9434
19.9355
12.6017
84.4165
22.2392
35.2167
53.5871
78.6426
29.8998
66.1697
64.9111
19.5468
69.2644
22.2413
63.4229
93.9361
26.3656
53.803
57.3185
34.3294
55.4669
91.55
95.01
76.1105
36.6575
12.8833
59.3311
85.0146
20.0269
72.3135
44.5705
95.2299
57.7218
27.6443
27.6858
28.1422
65.2907
94.5669
53.4279
77.1533
79.7408
28.7817
20.9169
91.0846
87.7361
84.84
70.8635
28.1307
33.5034
26.0967
88.1606
32.9488
71.4555
31.2204
83.2723
43.8207
15.2271
43.5941
19.9211
52.2926
74.6996
50.5951
64.6348
69.1966
87.5417
40.0458
39.1054
60.9825
76.5504
92.6957
56.2312
31.9725
61.9898
81.1504
29.4436
80.803
35.6947
76.0088
48.1336
28.6953
67.6212
91.1904
72.9067
76.4397
76.9682
31.4618
80.8647
63.1393
16.7223
49.1218
19.5329
77.5622
66.5063
94.8894
27.5662
79.2031
19.6443
50.9407
12.1341
31.7776
95.9942
48.9669
72.0019
42.4293
16.8331
52.6439
47.9914
65.7027
46.4269
47.4241
21.3382
94.8532
82.4933
68.3766
70.7768
95.6074
55.4935
46.1942
88.5932
33.5947
40.9543
40.7134
55.024
94.8232
66.5819
30.5621
84.7687
66.728
51.8945
79.4945
84.691
24.3249
55.8226
18.0779
43.2268
87.8823
14.0406
25.0611
65.2119
81.3164
77.25
91.3966
79.6071
87.9576
58.343
70.6356
67.0323
56.7386
67.9593
76.3674
12.3495
14.2303
74.457
70.306
80.743
16.7402
97.411
50.5749
36.9568
54.31
70.9993
50.1755
74.4475
86.4394
32.1113
23.2992
89.866
73.7589
47.519
77.8235
38.6592
79.9857
66.0559
50.9259
64.4397
45.7763
71.1356
42.3436
48.3126
96.4963
51.4746
75.6952
68.913
12.8525
53.1209
40.2818
22.4192
84.647
26.0008
36.5477
69.0964
14.4061
55.6412
50.325
61.6377
19.2567
57.4326
23.9458
72.6526
82.7436
12.8805
14.5828
82.1228
14.8576
35.6578
66.1195
85.4124
42.6417
68.0387
53.4224
63.3201
87.3149
54.798
47.3212
65.9465
75.4419
34.8444
64.3142
60.45
97.4216
44.282
41.3549
59.03
87.8563
70.1783
78.5321
11.1543
70.1289
94.3955
94.928
33.2968
33.1108
14.2355
23.8318
13.0382
72.9078
97.6774
55.9223
31.7318
52.625
90.2756
31.1052
24.9729
43.7428
60.1513
84.493
29.1212
52.378
39.8332
87.2857
73.951
42.9076
56.2186
61.4442
30.5389
57.3461
66.1072
68.4685
38.9284
96.8601
30.8618
82.0787
18.385
12.3333
82.3099
85.5025
24.1276
85.4963
76.3883
16.9281
84.8604
90.7525
57.3839
88.1652
68.9231
87.6476
96.4899
91.3444
37.091
15.7485
34.1482
54.9891
45.8035
35.4841
61.6552
85.3137
93.5824
34.7465
47.0471
47.1163
69.6661
36.1634
92.6324
76.838
94.7855
29.7427
73.7929
35.1036
81.0888
21.4244
42.0635
75.4975
70.6926
22.6822
49.7649
53.8383
47.0212
84.8827
89.4925
31.7868
43.6704
27.8241
34.5586
25.7556
48.6151
23.4421
31.6443
76.8257
84.0505
13.5617
44.451
41.6118
41.9187
85.7547
29.2376
60.9932
54.0125
32.5143
56.6146
86.6535
42.593
10.1276
21.9963
48.6195
51.0609
67.6511
42.9628
50.814
78.3231
98.1328
92.3872
90.9933
48.7377
24.8548
20.1053
33.8997
61.0379
69.1732
35.5703
69.4835
68.0257
67.9075
16.2896
97.0969
96.6827
83.8899
47.3559
60.5366
27.499
77.3304
21.0922
98.4632
18.9788
42.4303
82.3002
58.7621
27.4494
90.6725
71.4055
81.7835
69.28
96.2005
45.7689
61.0201
73.9766
14.4387
33.2631
93.0406
77.5458
44.3714
32.4073
50.4297
62.6334
19.6111
68.2619
62.0825
49.3898
48.9548
11.1387
38.8902
80.8846
35.2607
39.7189
76.3912
43.579
34.0606
82.9186
55.0105
11.2536
20.313
23.5194
14.9277
72.9307
49.5941
21.2778
61.1376
39.9408
26.3931
60.3607
66.7971
32.258
64.7968
85.6143
83.5175
53.5465
44.8566
61.9139
17.4595
38.4718
64.9271
67.4019
17.3074
26.6244
64.0787
34.7087
50.4009
95.2784
82.701
18.9305
20.7178
66.1696
60.407
68.6634
23.0831
44.3287
98.0822
83.9986
29.1766
73.7778
43.7197
21.4258
67.4637
82.2923
73.3988
84.9157
83.5278
65.0023
22.0937
12.7038
23.353
59.0709
22.1912
47.2669
30.263
48.9229
63.9668
92.0824
29.996
66.1966
48.5075
15.3198
48.3064
44.6045
87.9105
54.1457
28.54
27.1172
49.3315
22.4873
52.1066
40.3621
71.9341
23.6734
25.7226
18.7918
34.9726
22.1549
95.5276
83.6111
28.2403
96.2859
42.4749
45.206
32.3294
38.0679
97.8272
55.3217
39.4607
81.4245
84.986
48.2887
44.6952
41.5396
15.2589
57.4056
49.0149
42.0651
10.3259
20.5307
18.0471
16.5814
59.4622
69.4576
78.15
35.1391
78.3854
70.5012
48.0229
88.4063
86.965
30.1188
92.0567
70.313
34.959
80.5722
34.375
80.5408
12.8279
85.9944
94.4696
38.818
63.2149
93.9302
41.5955
35.291
11.0292
42.6572
84.5715
28.5006
29.682
45.397
74.9787
84.482
60.3993
44.8892
50.3375
10.6733
31.112
13.2852
37.3676
85.8032
46.6284
14.5709
23.0942
30.3018
16.9526
24.617
53.9582
37.6146
56.8859
63.5382
46.5264
20.5104
39.9986
23.1833
23.2852
66.8813
15.5686
55.4354
84.643
26.2377
52.5867
95.8986
41.2863
83.5604
32.1531
88.4279
55.3906
57.5948
83.342
11.3274
25.282
56.142
66.6914
88.527
81.4314
55.7517
37.3278
60.9523
74.5696
83.6288
89.9493
42.7869
76.1388
34.6772
97.1516
55.4833
95.4849
88.1106
11.6163
27.0687
61.6342
14.5821
74.3529
55.5401
57.2211
27.7249
97.3844
77.479
23.3945
47.1369
68.8205
35.9635
15.3791
62.4065
73.7148
45.6495
90.0528
45.7977
32.9736
47.1862
28.3735
87.3228
12.0476
82.0869
33.7877
94.7063
10.2531
71.0723
61.1692
50.9103
88.6211
50.0884
32.1546
17.546
79.9145
78.2656
56.3602
24.8371
79.3853
30.1322
79.3578
59.5359
70.0914
68.0385
89.8804
88.1507
23.8589
70.3787
78.1598
41.467
72.7702
96.1005
53.0256
71.9251
68.4719
47.3209
74.8369
23.3265
61.9866
62.4994
55.7693
78.0321
61.667
89.0125
11.3991
17.8412
10.588
97.0892
13.2446
39.9336
46.0835
60.2292
92.202
49.0165
21.3703
22.5601
45.4469
21.3399
13.5133
64.4784
73.5517
76.7834
14.5526
50.561
92.033
84.6166
87.0042
54.6297
26.6123
36.8102
43.5295
44.1787
31.1241
17.1166
12.9217
92.8387
68.677
15.862
78.658
61.673
89.3287
63.8401
13.6981
61.1118
14.0795
49.3795
13.8698
88.9139
35.5073
20.3543
98.2098
98.4957
18.4674
55.9239
51.75
89.7479
51.3883
58.1371
37.067
69.4182
40.8475
97.787
67.487
10.2598
87.6753
78.3527
10.9119
60.1145
45.8455
59.3922
11.4255
96.6337
46.3918
10.9485
85.5484
52.9951
87.6606
24.1251
44.2417
23.6985
20.1747
88.4627
41.6875
57.561
42.3849
89.8724
51.2262
49.0461
88.9456
97.3824
86.0863
75.4525
33.7107
89.6484
72.674
68.1787
63.4114
57.5646
87.373
16.8673
22.8679
22.5184
93.1738
14.7964
11.5792
54.949
17.3142
70.9822
11.1784
78.486
64.7534
33.1567
35.324
77.6303
72.575
86.4443
70.2785
44.1871
47.6911
72.0934
47.6887
28.8675
35.278
49.167
87.1445
21.0697
40.9581
73.3719
60.8685
60.5011
64.5531
91.2085
23.316
80.9705
62.3828
27.9542
75.8827
50.7868
31.3731
59.3541
97.5184
22.6827
88.9893
14.262
98.8106
47.3913
69.2691
72.0917
41.9633
95.661
57.4315
82.3636
89.5704
57.0173
28.9671
78.2318
17.3089
76.9174
13.1203
89.8076
31.6693
39.8601
58.0183
23.6761
26.6069
43.7925
56.8056
34.8368
27.8079
83.6414
30.9654
20.0032
31.3185
82.9756
50.7349
94.2816
92.4345
57.101
61.0564
40.5503
27.8048
20.3708
46.9291
88.5547
95.6965
45.8858
83.4372
77.5194
13.7849
21.6535
24.3716
65.7359
48.082
40.7988
32.5943
70.0418
42.9642
72.093
47.9122
24.521
71.1964
56.6063
15.5836
95.9967
36.9052
38.0313
67.1129
96.9367
50.1107
24.3205
28.0768
72.8581
64.0473
82.243
35.871
17.0331
72.3574
94.5731
27.001
63.5431
64.1561
52.7169
24.1426
64.6007
46.3115
48.2026
87.549
20.6682
16.563
32.9384
41.2642
82.3032
43.8374
58.8538
22.3643
93.145
81.459
37.1436
46.5136
47.5024
21.0108
18.1786
69.2748
39.4281
22.173
38.7288
11.3768
50.2659
63.9814
68.2472
83.4161
33.7374
93.1942
16.7955
48.5987
70.8283
10.8066
29.8884
30.364
87.4481
50.125
56.002
56.8913
15.6236
35.5143
35.8727
61.4948
16.1513
40.6035
64.1291
21.5218
60.1594
79.706
40.6786
23.5165
43.3373
82.2365
34.8877
73.736
70.5822
22.9111
75.0349
33.8193
91.9089
46.5934
26.2202
30.9559
86.2357
39.106
73.7771
46.5756
43.7774
82.7544
21.8545
13.464
90.9638
37.2629
24.4111
57.8204
79.772
51.9569
75.2448
91.2923
33.6303
75.4359
35.6342
62.1653
93.4539
67.2559
48.4192
97.5488
42.5306
10.8449
48.8891
82.2167
22.4272
26.4188
80.2928
75.1669
36.3399
10.0866
87.5058
68.9893
64.3857
70.8826
51.039
21.4047
96.4546
37.0734
57.7267
45.7172
42.6614
40.8288
81.7232
75.3828
66.6158
65.6746
79.1075
35.531
38.1997
78.8344
79.3944
19.7113
60.1122
92.8418
27.0651
87.7432
78.4039
48.6746
16.2963
43.1178
39.773
85.7627
40.2296
96.0004
38.6289
18.8677
71.9135
47.5716
47.8834
64.9221
46.3146
41.2598
25.547
20.7982
19.1633
47.3622
62.1108
15.5613
21.2617
85.2168
90.8101
64.4086
11.3811
27.9117
68.5663
16.8704
32.5915
26.6269
35.4502
63.6311
43.6523
61.1924
19.1297
23.7685
12.3341
67.5232
33.3575
24.7477
95.4658
85.1837
97.3426
10.9917
19.5833
40.6773
60.6204
19.9831
67.0478
62.4956
46.8171
76.1067
88.3946
11.8758
74.3456
65.4847
74.4638
61.1475
73.1867
56.7533
69.9087
46.9951
38.5571
46.5038
12.514
45.6537
32.0977
24.5626
21.5814
34.0459
87.5663
80.99
81.8371
23.3184
33.8386
55.2199
47.0894
21.2211
72.9958
40.0475
94.3097
76.1783
24.1879
90.6147
12.8552
87.7052
48.9877
46.6919
74.0653
96.7519
37.4554
64.7763
29.6877
13.77
48.5917
56.192
52.4157
91.5594
37.8967
95.3445
51.4087
21.8138
39.314
69.2535
98.851
79.3928
35.4077
17.3298
57.1785
20.6854
73.1053
64.5733
32.2596
80.159
78.7231
37.5597
37.4992
64.0384
40.2049
56.6931
55.3342
87.1745
57.1467
53.2437
10.3028
71.2163
31.6101
43.023
33.2999
84.845
24.6849
64.9897
28.9717
53.5844
28.331
28.3878
17.2814
51.5124
55.5352
77.5408
54.5122
35.8905
33.9117
19.3987
83.223
67.8182
27.4795
56.3427
28.2114
16.36
20.3859
64.2621
74.4768
98.7858
47.0688
22.7251
41.4427
85.2422
56.2731
62.796
26.377
67.8397
98.7896
43.5386
88.588
60.2597
33.5862
39.0929
57.8613
82.8806
16.1667
38.9106
70.3077
93.0841
36.6753
17.7972
17.9122
10.3648
60.4103
96.2065
18.2832
87.6431
18.3065
65.75
77.8414
70.4002
65.9088
89.9488
34.4219
70.0634
58.4861
58.2328
93.7273
13.4746
15.437
66.6048
28.0058
70.1618
66.8883
52.6791
10.2934
88.0527
82.2314
69.6601
64.6076
44.1577
19.579
71.6539
34.4322
46.3255
81.6918
57.6621
18.4964
38.2042
37.1252
24.9656
49.647
25.3857
75.2214
86.7202
73.0681
18.5715
63.4313
10.5514
52.4865
47.3743
25.7445
50.4255
77.016
92.3632
83.7519
75.0513
72.5798
70.2284
98.4794
56.861
25.5405
20.9053
24.8587
27.3682
46.3885
39.9925
88.069
64.9449
29.7156
41.3332
67.4407
24.0125
50.1501
71.2926
47.3322
43.8751
28.8029
31.3863
25.8766
67.4716
22.7723
19.4873
13.2117
47.2128
73.6983
88.8105
17.6241
52.9575
67.5456
85.0721
45.8401
62.5276
23.8183
73.1346
32.6268
38.0479
84.6044
30.6857
78.295
27.5065
92.9973
98.9487
67.6927
33.2507
28.6522
31.0674
68.1044
28.61
96.7118
11.6128
67.5726
62.4139
96.9433
54.2341
21.6383
88.1938
29.548
15.4691
84.3815
15.8423
98.7655
39.5914
82.4797
39.7284
83.7428
97.5904
21.1773
37.1796
29.1733
25.8659
35.2543
10.5427
23.6431
78.0161
84.8195
19.915
63.1494
60.0989
79.8401
41.7692
42.0338
77.3703
23.1533
50.9384
65.0865
12.282
65.4664
17.3723
58.0079
88.4545
52.3442
76.5106
72.4675
32.8823
80.6066
63.0667
95.4845
64.5189
21.0894
71.787
80.1864
29.3849
11.0045
49.6574
12.639
38.9518
18.5968
43.0162
12.7143
53.0189
89.1823
39.0504
35.2245
93.59
51.1943
26.3431
62.5324
73.4482
45.3479
41.9999
75.5431
53.3236
41.7485
42.6076
77.0918
22.412
11.0422
20.9045
21.6691
53.9735
39.6325
14.3795
60.9024
44.31
47.894
32.4602
85.809
67.0836
58.8145
17.0735
87.5672
48.6375
26.1077
53.7655
67.4948
30.3229
47.152
40.5499
91.4785
80.1722
82.8916
15.2432
95.0361
11.1011
46.2778
94.8394
90.7373
42.2178
73.8346
42.8737
19.2812
91.6279
61.7854
50.0052
63.8882
32.904
72.7189
39.4682
83.6206
72.1267
35.032
31.0011
23.9898
54.1551
32.1549
62.8384
85.196
97.2525
10.7802
36.1666
45.2538
76.2672
71.9518
51.4888
14.1854
63.129
70.1716
95.7791
70.2614
59.7556
47.1567
82.7509
47.4597
33.4982
16.4052
74.7996
76.9915
76.7182
75.3612
33.9853
78.8191
42.5734
46.0076
44.0147
51.2491
61.2604
82.1188
21.9279
67.64
62.2766
95.9066
12.6128
27.2128
66.9016
83.7396
19.5989
46.123
50.4989
16.8907
18.3599
33.7633
45.4201
50.7773
53.3349
20.3188
57.8236
39.1468
36.0322
58.5521
81.8246
82.7545
38.5731
14.1661
36.6352
77.1517
11.9883
63.4167
49.687
35.4052
40.5755
51.5411
19.2244
62.0053
13.2765
93.6641
81.0241
53.2314
56.9056
52.8517
14.7579
41.2559
61.0169
34.6999
16.1016
43.9813
69.6479
57.5708
52.6034
35.778
17.8857
29.6547
22.2383
35.5726
41.2655
58.2449
81.4459
12.7156
32.5989
94.0048
83.5561
94.1338
91.7732
57.1982
23.6255
78.7745
61.2653
10.2037
16.7152
31.7771
43.5203
34.5458
92.8388
79.0077
85.3195
43.7677
70.5677
26.4782
98.1062
60.7308
60.3875
31.1568
75.5445
80.4316
64.7685
87.4908
48.0108
25.6937
65.4781
71.5445
29.5144
31.2487
57.2481
46.25
73.1057
18.1825
20.8787
83.4119
18.8928
66.5941
10.0905
44.0854
28.3141
60.2947
55.4099
25.5479
54.9706
30.2468
73.592
74.3842
73.7611
49.5135
80.6826
23.1416
97.6897
45.5789
64.0588
31.4561
59.1297
80.9948
77.7801
90.9564
17.4544
94.6949
12.7422
92.1544
29.612
98.5193
94.7821
59.1195
38.2816
60.9156
91.7059
97.8761
25.0626
90.955
35.715
76.0243
84.4414
66.019
14.4612
75.2606
75.3695
10.1332
49.5466
37.951
22.911
54.9736
80.5916
88.8851
98.6785
63.8888
41.5297
52.1439
14.0519
18.3003
20.7699
88.6818
61.29
57.1208
24.9215
24.9051
72.4018
84.6779
41.4771
90.3255
74.6553
50.3447
76.6338
83.8765
24.7566
50.3012
45.529
17.2448
70.461
92.2412
89.6013
97.8831
79.0386
36.4136
36.6082
92.1403
40.9775
88.9376
39.6933
79.1176
28.9358
12.6566
62.6118
56.0736
79.086
21.2414
54.7461
13.6563
80.7759
88.5453
65.7901
17.6193
47.1432
11.6284
25.4102
71.8216
74.4701
14.3697
17.7587
56.2744
97.1843
54.56
36.3337
86.8493
51.7644
32.7189
37.2743
54.5145
44.0392
31.1765
30.2347
22.9075
76.7189
81.0595
37.4411
75.8016
27.5197
73.7366
40.1952
60.9715
66.9367
81.4647
14.7444
16.2908
35.3575
82.7387
88.3769
69.1436
98.3699
23.6212
83.6514
17.932
77.6799
73.1748
74.669
92.8969
20.7164
47.7247
30.1028
25.62
61.1291
48.3643
18.6661
24.8932
60.8874
98.6733
13.1313
20.9902
75.2559
60.2574
75.9296
60.6572
27.8217
72.8919
94.8857
82.0702
76.3992
46.6233
97.7768
79.0623
15.3633
95.2677
73.9294
29.8486
35.0858
22.9107
72.6011
55.5665
28.0375
70.2282
57.3987
52.8514
69.2079
89.2101
83.2021
36.0179
14.8928
10.6411
90.1012
95.3167
65.742
14.0627
65.775
93.6304
12.3291
46.5144
50.7716
22.8196
77.7673
40.1404
51.1689
87.958
69.0033
37.2432
25.2181
91.566
41.4462
71.0265
23.7296
57.3105
59.5744
39.3105
89.7748
56.7269
46.1625
77.3527
43.1327
48.3305
77.8902
40.5137
27.9151
12.2808
27.0107
26.9455
92.929
82.2488
28.7853
72.4866
76.2327
74.8561
93.7863
75.5576
77.2163
68.5766
19.4252
24.3527
54.9919
93.2437
34.7765
77.2227
77.1563
48.2914
23.9966
92.7271
58.6748
64.8645
82.6966
23.7354
91.1603
46.1789
95.1069
43.3218
61.0374
91.655
43.0555
61.6873
97.7033
46.9534
21.467
42.255
13.7361
88.0463
37.6152
94.8635
51.1355
83.8626
46.4995
94.5376
96.7068
16.5241
26.3912
21.7538
33.2138
12.6184
60.0687
18.8016
66.2671
34.4501
75.244
42.0828
73.6808
15.5803
59.382
61.1274
82.436
94.897
27.4658
33.2305
35.7533
39.036
29.6926
10.5642
75.2961
39.7942
86.3241
14.15
14.936
24.484
45.2679
56.5561
27.5517
72.2314
79.3976
60.1744
43.1656
10.221
32.0268
45.4324
65.6861
55.4327
63.1659
19.9204
10.8338
80.7934
55.5461
30.7517
54.0929
45.6166
58.7155
76.6997
38.5409
73.2344
89.1551
95.7196
26.6426
15.9316
27.2255
26.1535
75.966
20.9418
10.6126
25.8295
96.7991
58.3846
64.1619
27.3169
73.1686
81.9748
74.6908
60.3128
28.1675
11.3877
97.09
19.978
30.2671
66.2205
57.6675
30.3886
83.4319
96.0769
56.8844
20.0213
21.6684
30.3847
11.8676
55.4668
85.7729
57.29
54.6594
11.6781
62.4657
15.3034
11.8059
76.1476
57.4959
89.124
57.4238
76.8738
18.4938
47.2294
64.5507
14.737
23.2744
88.2309
77.7662
94.9442
22.1959
57.8177
34.7596
17.3642
85.4415
83.5416
87.4459
84.2187
54.3287
31.0892
61.3164
60.9993
33.578
52.9907
93.002
22.3868
19.2022
87.8011
85.7146
96.4798
60.6514
14.5824
71.2902
96.0989
13.7932
95.9816
95.0705
10.8642
70.025
60.5272
57.7561
53.9677
86.8689
61.0333
23.7146
32.433
19.5685
83.6983
38.4254
92.773
84.7423
47.4574
64.6151
35.7031
71.223
34.6321
51.9364
42.1273
82.6614
82.2108
71.3752
32.4211
88.3792
21.1875
52.5367
89.2327
34.5612
67.2792
36.4555
63.4444
76.8926
78.543
38.11
68.959
24.4043
42.9603
35.3561
48.2489
56.6731
23.0026
51.9044
89.0438
89.6527
12.2845
38.1887
33.2932
30.0725
25.3337
10.3424
30.9983
34.5888
77.7719
34.5747
88.9704
80.5675
12.5935
47.6422
22.9663
21.6749
15.4408
64.3009
46.0989
61.907
25.2961
22.0594
63.8569
67.1745
27.8757
17.2853
87.7158
14.8969
12.102
64.4169
34.0709
94.9554
59.0589
24.3261
10.6479
29.7458
87.3497
63.2585
73.3998
68.2454
27.3135
35.0302
18.6842
82.7778
31.0014
55.4124
62.1198
70.6828
75.4806
93.0764
38.5083
52.0605
35.0828
17.8039
30.5764
31.3815
91.7066
46.1792
61.3856
43.4594
86.4856
52.9202
98.8502
58.4944
98.9515
19.0741
37.023
78.3641
93.8304
21.0303
52.8769
18.773
80.5122
10.1415
74.1964
96.3138
91.9467
46.5237
96.075
30.1638
54.1171
50.6062
28.201
37.7686
84.0931
86.5658
48.2372
72.1297
84.6627
89.0227
88.5085
83.7865
86.8802
78.0034
24.0695
19.8144
92.6582
55.363
87.544
23.795
91.6366
53.1183
57.8262
89.5211
33.6887
92.5785
18.3233
81.8723
51.0334
22.8115
14.8378
87.1935
93.2001
39.4957
61.4008
57.3393
90.283
97.8837
63.6393
41.5855
68.9214
40.5419
71.388
92.1736
30.9612
26.1205
39.2608
66.4651
26.7307
39.1008
17.4777
77.1083
60.5965
91.0673
59.1298
22.2516
85.0362
47.4011
61.3048
94.4127
44.9656
77.2843
90.5103
37.2593
98.6432
67.5037
69.8947
22.2002
14.1369
34.4161
51.3959
15.7265
67.9111
74.1356
32.1254
94.4903
17.0087
42.936
80.1154
42.1916
16.544
94.1061
76.9758
67.1344
95.8775
15.742
81.6164
96.288
38.3661
10.6267
50.2549
64.3341
83.206
25.9261
17.3053
73.364
71.3298
68.453
96.607
88.1577
77.8673
18.8853
96.3491
72.2395
21.8208
37.6828
58.0468
41.8803
74.8626
54.4702
25.6215
98.1366
35.4853
37.1817
56.1679
24.8203
46.2091
32.7494
58.5188
16.7824
68.6869
86.9981
39.4491
81.869
73.988
33.3733
26.8874
21.4875
74.3943
27.8545
30.0229
83.1612
71.5282
64.0151
51.7368
25.779
92.798
49.1494
12.3931
96.3301
36.5034
82.4448
81.3863
57.3171
55.9806
23.6372
28.351
35.4255
47.8523
21.1166
28.8433
73.7263
38.3458
89.8066
92.9271
39.854
23.6259
78.4634
49.9074
33.9025
72.9162
11.1959
62.3773
94.6274
71.1115
88.2056
66.6825
37.2892
87.5275
44.9968
64.8702
59.004
43.4117
60.046
44.1134
59.2725
43.8163
73.3199
30.458
24.0962
59.3589
55.015
52.1245
82.7083
48.9515
31.583
19.0165
96.0239
28.6328
88.0284
35.0671
51.5238
95.3364
35.7337
76.2338
53.0435
98.5145
91.2326
41.1401
40.9167
81.4466
43.3915
63.7412
41.5397
59.0946
90.271
94.6992
74.2392
93.9119
29.0234
48.3644
91.0345
69.8539
97.5101
29.8976
26.7711
45.8161
61.2147
21.6343
65.5648
60.7968
51.8316
79.6839
65.6362
32.5743
82.0133
93.713
94.7989
57.9286
75.1478
23.3519
57.7501
80.631
44.8899
28.2082
65.1277
77.0286
46.2174
67.3732
36.4672
26.2348
60.8182
28.7081
59.329
10.0152
32.4849
89.5011
90.3627
61.7219
40.1568
64.4614
93.6573
20.8919
34.3827
11.9814
43.4122
52.2892
81.4281
58.5494
85.9258
20.9599
87.7378
37.4312
58.6472
55.8667
46.779
39.8082
73.2057
87.2144
13.4115
87.7969
81.5325
34.4755
23.451
90.4473
21.6248
76.9846
19.419
84.3949
62.9533
47.0758
61.2939
91.385
33.1656
30.3517
50.6333
63.0212
84.219
15.1998
46.0867
16.5242
90.5992
69.1261
41.2475
53.0996
74.9189
86.5287
64.8857
70.096
73.0517
38.0359
79.158
14.4953
69.4694
87.0742
68.6547
94.6912
86.8524
70.8055
53.1873
27.1569
79.4908
52.1926
39.7589
94.8211
12.2491
76.8607
20.9484
58.4101
26.413
22.3526
44.8703
23.2104
25.0685
24.0476
50.4632
10.5204
61.0091
46.2702
66.5887
79.0658
48.784
87.7141
45.4876
72.7339
21.7833
87.915
63.2738
33.0666
55.4443
71.0188
46.805
74.8189
13.0882
11.4924
45.802
96.3012
60.3985
20.1175
79.1508
28.247
79.5906
42.9225
60.8293
77.085
26.3275
10.2314
64.3638
64.2471
11.3754
33.9531
45.2712
63.7812
94.7264
72.1384
56.8472
37.5552
87.3941
51.1423
28.5443
89.2498
71.5741
59.6116
12.3491
38.8588
71.7895
71.8227
15.7766
93.0182
10.283
49.3345
41.887
51.2227
65.0022
10.4664
23.8791
74.2925
84.0507
80.3138
48.3665
61.4001
34.9317
49.7259
37.9003
68.2766
17.1638
83.0074
93.7873
13.7688
45.426
93.5257
29.6788
12.7236
23.0044
28.8575
72.4108
64.5336
98.447
15.2337
42.1895
17.1149
73.9814
67.1744
11.1771
37.163
75.7364
13.4952
13.1405
85.6029
67.3266
19.6487
27.3139
23.9877
63.8737
63.059
49.3638
13.5503
79.2468
61.2094
15.0185
21.7655
20.3052
11.2529
28.4764
52.8604
24.5296
51.9008
57.1669
37.3365
14.7178
49.3775
16.0329
51.5852
23.6404
76.7742
62.0864
48.7087
49.1276
65.8158
20.7717
64.4805
13.4812
52.3897
84.4306
80.1773
54.9083
22.4965
32.3812
24.6009
98.66
36.3012
62.9923
53.3007
48.0175
13.7004
40.9031
71.3561
10.5757
45.4975
51.3405
83.289
14.6408
96.0771
37.6035
51.7166
47.957
79.8166
28.9567
95.9563
97.015
15.6031
94.7111
35.7956
53.3459
39.5103
82.2061
82.1452
98.2301
50.6199
86.1269
52.5424
27.4464
16.713
77.9817
69.9978
41.4556
54.567
39.8887
66.2888
46.0844
88.9525
15.6824
13.1847
82.2466
39.0695
48.2419
39.7033
26.8308
75.6749
30.1657
70.9957
81.3094
90.1101
20.8622
85.4335
35.5515
76.1061
76.4203
61.675
32.9838
30.1365
98.5553
24.249
48.5161
53.4716
88.4097
30.0093
35.8428
67.2362
41.6419
19.4878
19.5469
47.1517
47.5308
37.3981
92.7473
53.1922
50.7756
39.3841
43.6294
68.3049
55.9277
31.7881
22.872
23.109
47.4332
10.0938
54.1046
54.2227
51.0896
65.8223
34.2004
98.2603
79.1451
91.2319
45.4175
73.3826
97.6335
74.7338
28.8211
73.0079
39.9465
94.051
66.964
36.5721
20.6592
86.4856
51.3472
82.5506
31.1051
63.7139
40.4577
71.2469
95.9305
74.7872
60.9512
64.0567
10.9579
49.4239
46.7653
95.8714
85.9033
93.3239
90.2996
31.0622
24.6924
40.9912
78.6451
50.1255
42.5872
56.3996
28.6356
16.2986
78.436
41.1057
21.1854
40.7827
87.4671
86.6992
47.4641
10.346
23.5978
75.1196
90.1684
40.8634
49.4404
70.5196
44.2406
28.9164
65.6655
24.4085
66.5903
15.4216
10.6235
39.6913
14.2642
14.1073
20.5731
55.8109
34.5659
57.5392
26.5559
44.4885
78.2815
94.7958
17.9921
58.0257
53.4176
28.4067
15.1145
17.0283
17.1087
40.4934
26.3614
67.0975
87.6646
56.0338
32.4493
46.5795
76.3842
49.308
74.9529
19.3756
75.888
43.8307
55.2219
80.3097
59.0144
82.0413
44.0555
70.6726
12.9332
38.5806
22.8474
35.3287
97.8275
67.716
14.8402
15.6835
69.5242
33.3643
16.0133
83.1268
44.3421
52.6244
88.4508
39.3899
76.3208
68.8577
12.2273
36.223
13.305
68.8412
38.7749
97.6686
20.2947
14.7879
47.6311
68.6934
70.2387
14.3352
41.7812
68.7562
98.4415
97.2554
81.9699
95.7002
74.9342
18.4738
61.3366
59.7117
78.591
91.9444
86.4504
74.9853
51.2557
21.0797
43.5293
19.0999
37.3549
85.0025
16.6278
44.9376
52.0598
20.1251
27.8587
60.6942
70.0356
65.8721
19.3228
48.7483
93.9791
98.4673
15.1208
33.505
90.8996
14.1453
21.4053
49.7173
27.2211
65.7708
78.7503
24.8892
48.4733
50.3716
17.6935
41.5219
36.106
24.4947
21.4666
77.485
74.2066
83.2943
23.8864
10.8927
71.67
19.4531
60.747
39.2121
72.1181
43.2143
23.8703
13.1517
81.5904
51.4095
12.0529
56.3422
16.4536
23.7124
71.5657
55.9205
97.3946
69.8717
49.2198
32.9172
47.6571
45.659
22.4788
97.7493
18.7677
14.2346
39.769
43.0567
36.4407
42.5117
48.6902
28.781
89.3167
38.4008
86.1282
58.9519
79.2765
69.8803
93.0954
63.7328
95.7721
67.079
12.9228
62.3887
92.1351
23.3995
42.7316
15.5854
64.9307
85.035
26.9247
22.4363
33.3141
21.4615
56.2989
12.0569
96.5869
66.149
85.8144
40.9651
81.4968
97.8573
84.3017
74.7364
28.2706
37.7333
38.144
75.4949
33.7589
10.4118
84.449
12.0639
38.5196
29.0091
66.0707
98.4999
55.1323
30.6584
42.9888
45.9211
78.061
80.8626
25.7524
42.0275
98.4723
90.3202
19.74
39.7413
39.2275
56.2206
53.1601
91.1178
19.6305
39.9523
95.42
23.6701
62.0218
69.9961
18.8105
38.3602
65.5439
66.594
69.0206
29.27
49.9417
66.5015
43.9369
51.7407
84.5096
25.8908
62.2924
74.7995
26.921
80.2822
43.8309
80.3582
72.6823
14.4263
65.9333
59.8555
52.9905
46.7879
74.724
49.5515
21.0404
38.361
37.9857
92.5935
28.0278
37.5807
47.712
37.9218
73.0292
35.4945
36.2161
41.6292
86.5323
15.3429
15.9333
23.7028
64.6007
84.7336
55.8386
38.4595
31.881
80.7267
13.3792
51.3095
16.7242
64.0417
71.5946
91.2987
42.7382
26.7056
42.1665
70.9893
33.919
32.5618
89.9137
23.8182
60.5894
24.6584
15.748
69.1643
45.7269
82.2423
91.5804
32.6158
98.0003
90.5989
57.7964
44.5815
70.577
97.8549
40.5372
53.6844
20.564
77.1341
43.6484
20.5557
45.8943
95.7987
63.6534
84.903
68.841
55.5149
88.6171
33.7655
85.8744
93.8712
76.6969
24.7581
71.7081
21.019
79.1899
24.6424
33.7383
39.7255
93.0877
33.9933
17.2156
34.1423
25.0593
75.8837
51.4532
36.1619
30.1185
76.1026
59.3243
16.1348
29.937
78.9963
35.904
81.8206
35.8918
45.9702
19.0461
37.3803
12.698
71.4229
90.2628
94.3023
86.7968
88.8408
69.2354
47.7903
10.9449
97.1751
80.3734
35.7684
42.1202
91.1328
28.7853
18.0782
40.2459
88.2883
74.1277
34.3572
98.7343
32.7704
75.3957
95.2747
57.7373
18.0126
32.5134
94.1332
24.7812
56.4434
18.841
67.7801
11.8973
32.5446
76.7087
72.2601
62.8232
10.7715
83.2602
82.7925
44.2571
67.0206
45.3591
38.335
92.8654
11.3582
25.935
96.0735
17.9484
24.638
13.7273
11.5737
46.9287
13.6071
22.9613
94.3134
44.6239
42.903
28.8871
21.5449
80.7622
76.9323
88.9377
11.5443
18.9595
13.6566
34.127
97.0926
96.4424
33.7178
25.9503
67.3678
88.1086
97.3322
22.2234
76.7956
42.5181
68.8782
90.2703
26.3322
11.2512
69.1441
44.6247
47.4747
11.9438
13.3066
18.7956
90.2503
83.6425
45.4228
79.1996
37.0008
91.8499
39.331
44.4821
19.3724
73.1823
82.8465
91.9116
17.664
29.9457
78.2272
46.1575
65.7422
33.478
59.7131
22.2563
85.8115
18.9334
13.9246
26.2763
16.8183
78.2294
34.2347
96.561
60.9272
13.3631
18.4223
25.0114
46.1802
16.9118
67.543
18.4685
27.4938
39.2224
19.5471
17.9316
35.966
54.6166
92.22
33.4419
15.6341
31.6487
72.0049
50.0805
55.989
65.9817
89.0451
61.8694
50.094
40.7269
59.7748
54.5118
50.4338
23.6002
34.9543
44.0893
14.5919
64.1069
75.7839
32.3931
43.9676
87.7912
82.5699
78.0813
76.836
44.2638
59.0041
52.9436
12.9371
79.9849
94.7152
29.1835
46.6154
87.1322
45.8608
90.1598
63.7482
72.853
74.3286
26.55
11.0307
29.2184
50.2055
31.0295
69.9466
63.4449
81.102
96.4685
79.2864
36.638
94.8522
24.4433
46.9827
23.0874
61.5656
62.0233
42.812
96.6615
29.7285
81.0243
40.1347
26.1351
86.2056
12.7167
40.0895
91.2697
48.9546
32.3458
25.5544
96.3876
58.8119
16.5611
35.9098
34.6727
29.249
12.0437
75.7881
11.2882
87.8569
20.7523
62.5437
17.079
33.3851
90.1513
38.0183
27.754
67.7782
95.7047
52.7897
37.2348
11.2255
33.5306
35.5638
84.2272
26.6502
37.8664
65.6288
95.0341
59.2075
49.4884
35.7345
50.7986
65.2068
62.2365
85.8105
36.945
90.0347
22.9378
91.99
60.3637
32.6916
10.8649
97.5895
66.4889
69.2441
77.5153
96.5844
32.2759
54.9709
35.7859
93.9571
64.8414
45.102
17.9416
32.3492
62.78
53.7302
96.0842
48.0796
59.6683
39.6342
93.4861
10.8169
16.5158
56.2834
13.8181
66.193
21.225
62.1304
54.1631
57.0518
37.8988
47.0843
16.2535
60.6721
93.9799
92.4606
57.8314
14.8646
76.7402
43.8299
27.8325
48.9257
40.3311
72.1094
39.6063
27.0274
33.3288
13.0836
94.0304
62.134
60.5294
61.4477
29.8362
71.7515
15.7394
77.2411
27.6686
75.8958
57.9418
23.6062
56.8701
88.6354
79.336
24.9381
25.663
43.1016
25.0539
66.4173
31.7858
20.7012
16.6734
49.294
73.3306
67.5542
27.1544
43.9314
59.3319
83.5949
67.6365
67.0439
39.8683
20.579
56.1871
54.3205
20.298
41.8055
18.4693
64.9724
71.2613
67.4423
11.1114
97.1089
85.7636
97.8097
51.4855
47.1815
27.0367
96.9252
32.9374
34.3195
67.1468
60.3888
91.6527
37.415
80.8929
33.109
58.2821
94.4643
85.8183
48.2224
36.3451
68.3168
91.9624
87.2176
13.3034
85.9462
87.0667
43.9809
78.2773
77.984
26.1473
52.1588
67.4384
17.9828
69.0972
44.3614
90.7582
33.2907
14.1552
71.3234
11.8493
34.5854
42.8681
53.5136
48.0084
63.5375
57.464
92.9645
14.0713
19.8174
56.6273
40.7585
57.4836
79.4291
21.4558
96.3227
90.5422
86.7144
64.2241
42.2921
10.6653
22.0226
96.727
11.1156
90.0989
68.6152
75.4506
79.3265
96.6721
85.1027
86.1397
84.9713
47.7399
69.5812
40.9161
51.1539
89.6738
77.436
16.0386
35.0884
81.3284
89.3877
45.4344
64.5946
43.352
68.4281
74.3942
33.2703
63.4526
35.9483
80.3739
27.2396
23.6142
73.0902
30.031
76.8626
53.5536
66.2513
70.4954
27.9797
79.3777
11.5965
94.7539
72.6018
62.4941
18.9955
91.7942
16.96
45.3429
49.5013
88.6205
76.4648
21.6816
65.6776
69.4852
77.4597
57.6733
72.3228
17.5672
76.4046
58.855
90.701
67.7807
28.3644
83.7324
63.2133
15.9824
20.6159
28.5758
73.0559
43.3616
25.486
10.9764
15.0663
89.9838
39.6216
70.1537
50.9486
50.4577
33.4221
29.5847
55.3416
10.8528
84.682
11.1763
67.7042
65.5596
96.4536
65.1306
68.9603
25.0128
84.7284
84.2019
25.9357
66.135
64.74
59.1421
26.9884
68.946
26.7189
62.548
74.3765
90.2297
23.9082
95.435
59.7461
85.9438
11.6098
38.1732
81.9497
19.8737
12.2245
65.2416
97.3937
90.9822
67.0731
88.9725
28.702
40.1873
39.3863
85.8312
11.9981
37.8391
70.0085
93.6691
27.9432
91.297
39.1055
50.8486
70.5716
42.0926
83.0671
31.7798
18.5563
46.1452
13.6082
57.5303
92.6488
44.1183
57.8208
76.8007
57.9836
19.3692
44.8427
75.2032
27.288
53.0925
47.5658
48.4831
96.9887
83.0069
71.8157
26.2024
76.2314
86.696
76.6023
94.5363
91.7033
42.871
35.7874
40.3779
30.9582
56.8849
60.8327
74.2787
76.979
18.9016
33.0883
15.8425
20.0747
31.6722
54.7415
48.392
79.1166
76.4624
12.6954
12.0718
72.2727
45.9071
16.2626
14.4183
36.358
83.4312
41.0871
94.7537
79.6816
84.6188
84.204
48.4924
98.1282
51.995
32.2749
76.3653
57.2599
16.0842
45.9969
31.7044
13.4828
94.3116
86.773
56.532
42.4032
63.7728
85.6882
88.0671
78.7331
46.6573
55.9009
86.8044
23.1596
21.2557
17.3168
75.3804
71.8572
41.7549
97.6705
96.5887
92.7423
43.2383
46.6936
41.3182
70.9921
54.5347
25.468
65.4054
46.1052
23.3196
74.6615
35.0833
27.7675
90.6133
23.4367
20.3047
47.3228
24.7295
52.6063
98.6302
55.1512
14.5939
79.7992
34.5043
88.7007
79.8521
48.7069
37.5579
46.4991
87.6934
61.6493
65.0188
39.5341
64.3448
28.0479
64.7827
56.1345
95.4858
48.3458
59.5807
44.2195
59.8619
69.1949
84.6478
35.4995
78.4416
94.0159
51.9568
88.798
65.6133
26.2046
58.2338
47.024
73.6616
11.8014
89.2366
37.3131
26.4897
12.7988
44.0348
70.9239
47.0059
42.6144
78.0471
17.113
65.2159
64.2762
50.5777
65.3986
90.5176
26.0152
91.6372
22.4181
76.7418
93.4829
15.4231
84.9421
95.2881
62.0067
52.5843
96.6201
73.4126
36.4657
69.3743
68.1385
36.6815
21.654
97.2442
71.6982
28.9656
34.5598
66.1887
55.5605
57.2233
41.1106
26.9725
24.4302
75.896
47.2463
94.0356
18.8867
45.3651
36.6347
77.3999
45.8073
97.0107
27.7348
80.928
84.9134
98.4027
94.6063
18.1742
95.9474
16.3294
20.6778
96.0421
22.562
94.9405
80.9654
63.8273
72.064
88.3661
51.0757
52.8549
96.5663
78.5603
66.6749
50.8595
16.7771
25.9665
64.076
25.2245
39.4805
26.5259
77.6501
22.0373
88.1302
68.7069
14.3078
61.8601
50.5093
52.0007
31.2162
90.7738
74.5418
31.0141
21.9553
82.9664
95.3757
72.1347
35.3912
91.2979
34.9498
11.268
26.1807
15.9717
59.1621
63.1091
35.5474
81.0855
14.3976
11.6664
39.9906
96.8035
14.2338
87.8163
39.3896
91.4315
62.2124
48.4958
29.0453
29.4531
53.3992
38.0607
27.1337
11.4198
28.6043
36.4013
31.7759
24.7104
78.5353
90.565
17.9339
70.8911
89.3571
37.035
35.0493
46.0213
51.8032
24.8964
64.4505
51.9296
64.5956
10.2289
96.1012
95.3166
91.3174
59.8325
59.7253
44.0637
45.6448
23.3132
43.6425
65.5972
17.66
27.416
49.1952
44.8345
53.4538
63.2303
49.3366
50.4819
55.5352
67.5195
17.4113
86.8691
16.799
86.3306
19.6796
16.0504
84.0783
69.8399
23.3811
77.5316
30.1893
27.6462
51.2231
92.3339
42.5183
31.2413
87.9892
23.0096
27.0569
79.5666
93.9083
15.4185
22.0822
89.3467
34.669
18.9343
72.6231
28.4198
29.4342
64.0506
56.987
43.9834
16.4827
93.043
18.979
79.9288
56.1254
82.8403
24.5932
82.9541
75.7113
28.4891
35.6563
65.5296
25.477
82.4239
97.6756
75.6716
22.9098
90.644
32.667
53.2797
81.3037
79.4761
44.8261
75.8985
23.1188
89.9646
88.9391
96.4554
21.7511
18.081
36.4531
40.4787
66.3369
34.7051
15.0102
10.1112
93.657
13.8316
71.216
82.8634
14.8143
65.798
97.2859
84.4959
77.5242
89.6322
81.8908
39.912
47.0883
72.4454
46.604
21.4766
20.0537
42.7404
25.9474
47.8138
96.2691
37.8681
67.7325
60.9964
69.2352
74.6033
84.253
37.0286
63.5282
86.504
42.1593
68.1706
63.7704
37.8558
29.6654
20.5648
51.5235
24.3817
92.6505
94.9736
33.082
67.9549
77.4361
27.2779
34.1178
15.8957
28.6212
16.4264
50.967
26.2886
41.4938
45.6323
96.8717
38.8011
55.2573
10.9607
75.1232
97.7777
41.6605
83.8266
44.0372
60.9331
47.0545
48.2431
72.7431
37.2475
85.9894
73.4523
45.8139
91.2939
44.2501
55.582
36.9171
82.1532
44.5515
49.0692
41.6767
87.8672
81.6052
75.8912
65.6577
96.6141
64.3199
71.0155
89.378
77.4604
36.6812
11.4784
26.3337
23.1058
87.4706
84.5636
16.8811
57.3887
48.2536
66.9749
79.3638
12.8626
53.5238
89.4528
44.1895
70.4515
91.5429
36.8568
59.0674
63.3174
64.9811
44.6183
12.3584
41.4693
54.4345
38.4428
53.0828
87.062
85.9349
73.0215
22.4187
46.864
40.3616
38.5412
71.9979
11.4252
44.2542
35.7389
37.2259
51.258
47.0496
62.7891
66.4448
86.9967
61.2383
54.1696
73.2228
97.4378
29.0223
80.687
65.7145
80.8899
69.1619
46.8209
38.9147
44.8266
83.3571
40.1884
41.5825
77.1961
34.1446
90.4243
64.1954
91.8306
15.1077
50.0854
94.1449
65.0608
54.0417
53.1649
82.7025
18.9387
71.3835
33.9873
41.7446
60.9115
11.7796
64.4012
30.2025
82.5959
14.9265
34.3261
23.8333
38.4897
43.274
38.5415
44.2176
21.6703
34.4172
47.4231
44.312
55.9527
82.3865
63.5768
89.3566
54.0892
82.657
65.9217
39.0617
56.8563
77.2775
36.4426
41.2397
20.2494
36.6697
31.565
15.8192
28.824
33.5695
78.9343
58.2783
83.6229
10.3854
21.5069
42.3257
29.6483
75.1875
63.4531
12.3539
66.0711
36.2535
67.6925
82.6057
12.3009
93.9623
51.2908
88.9858
33.0627
92.7584
24.0253
95.2147
41.8952
74.2394
20.1362
46.5438
11.4848
43.2115
53.5662
47.3839
11.265
49.0644
94.8217
16.8712
80.2055
97.9651
10.4812
38.2751
10.4001
77.8892
54.1565
47.7545
50.8639
14.9501
35.846
53.961
95.0071
27.6834
77.4301
98.8867
50.2143
96.9329
22.0784
30.5035
46.4783
43.0323
72.2092
56.657
45.03
19.7094
33.7427
27.3415
68.4111
70.2667
22.5055
65.9597
88.5136
31.1224
42.8098
18.5286
50.2917
49.3427
89.9837
15.0782
13.8278
11.3927
33.8703
28.1909
31.0787
36.6971
59.5463
97.7048
98.7087
16.4929
25.3511
52.2905
46.0377
24.9123
77.9937
30.0241
61.9096
21.328
79.3957
96.9832
27.9844
61.9869
61.8291
84.862
55.8259
76.6257
93.009
77.1057
89.1055
94.7713
31.3531
67.928
78.8456
84.0562
91.6204
95.1889
21.0697
73.1342
13.3259
32.5297
23.7612
61.9524
57.7451
34.3896
60.9184
49.6596
48.2843
24.5893
38.0147
69.9407
46.7882
33.9705
56.9472
23.9419
47.033
36.4823
87.9409
88.1261
31.4336
22.0184
98.8231
94.6118
10.6285
84.6919
76.8396
98.8434
62.9368
87.9601
92.7574
44.3929
10.0977
75.5284
13.6271
21.8869
44.3079
50.6128
72.2734
30.1582
59.4999
65.4257
23.2488
72.8033
44.0221
27.3898
84.9966
92.4589
68.727
90.8407
36.9081
12.5738
31.3803
95.1848
20.0757
31.7596
21.5737
37.7124
55.3364
22.6483
12.5443
78.1343
72.1715
12.4589
90.3209
11.8219
78.2823
92.613
44.6581
20.5113
23.9996
43.7911
34.2573
11.5348
46.5347
44.4267
71.5876
36.6447
55.4135
38.3768
19.9794
59.7399
85.9918
61.2023
68.1845
43.3323
35.6317
97.7899
70.1171
15.8647
88.5346
54.2353
76.0823
59.1885
50.0601
68.8066
61.5485
97.723
30.7939
46.1821
42.7061
90.7209
82.845
31.2448
67.6677
13.0382
46.2175
74.8096
45.8552
60.5715
27.0335
87.9466
34.9626
94.8193
26.3339
34.2618
81.639
11.9491
23.152
65.7978
59.2504
80.4118
27.2048
83.2003
89.8702
43.1267
85.9686
70.0834
59.2868
33.3537
22.754
78.9947
51.3789
15.2549
62.8685
51.0714
35.9894
89.1213
51.3981
80.1056
75.2132
44.5633
70.7407
10.4194
33.4311
16.1973
61.3268
54.701
89.5694
64.3871
12.1785
77.5315
73.6101
40.1241
64.7973
84.499
17.2329
59.4995
98.0467
85.3748
78.7561
83.418
44.8661
48.1938
16.0942
51.201
41.2125
19.4542
70.2507
52.553
95.5933
85.8689
75.8779
38.6287
23.3741
68.6324
63.1253
43.6389
82.0492
20.1436
93.7032
75.7382
49.8328
76.3725
55.13
25.8296
84.5114
66.3686
88.7618
80.6723
68.4646
42.7845
41.6142
38.7768
72.8422
42.5309
49.1161
31.5055
85.2475
70.6225
86.9377
98.5098
63.4627
62.4068
50.8823
89.2682
11.2601
28.7979
78.0183
36.4565
87.4934
26.5031
15.1013
23.9602
82.5543
14.4455
84.0718
52.7028
96.3593
63.9825
61.726
15.253
15.0447
81.0475
85.3833
91.6491
31.5523
62.7975
82.3476
85.4239
71.9903
47.9295
57.7967
23.2303
80.4171
67.1555
82.1358
95.5543
11.6436
40.3711
11.113
98.4494
26.5941
60.4415
59.4377
11.8969
50.7783
27.4754
95.4322
75.7551
13.5067
42.9568
27.3627
94.5147
65.8643
43.2184
38.8596
86.954
66.3657
19.6959
76.4277
25.8792
96.0455
42.3281
16.3307
70.2573
35.1086
31.7672
20.5854
61.0812
37.8474
21.0604
70.1957
77.1544
95.6615
72.4601
60.7314
96.4291
57.5334
62.3064
45.2109
62.8007
36.311
49.9611
61.145
13.3415
59.7526
70.8048
73.5561
19.7825
33.9535
39.6716
36.6462
43.2675
97.2457
94.5344
14.0891
92.5586
13.468
52.3275
15.7786
42.0983
96.245
69.4941
50.3299
98.3959
78.5044
31.4505
47.1989
73.7878
73.2845
61.4222
97.1277
71.5666
62.9379
70.4054
92.4064
61.8998
76.3397
32.9297
91.6064
19.3718
22.1831
35.9147
96.1763
62.6187
34.292
49.9856
52.4959
57.5812
22.8168
90.7111
43.979
17.0885
25.6076
61.8985
62.9492
36.0733
87.2612
74.0477
60.3733
86.5948
15.491
26.5333
61.3205
91.2526
17.5508
48.4554
83.0787
96.5399
63.3312
17.6779
39.845
62.9019
49.056
35.277
50.9734
71.2456
42.5818
57.7427
59.2667
92.052
30.8827
80.1817
97.4948
75.6189
95.6497
84.0209
29.1597
77.8912
95.5338
73.4193
32.5636
15.2751
16.7614
57.469
14.0163
57.312
61.1388
97.6422
14.3519
39.7835
10.6468
72.2214
75.0171
95.2815
36.4045
83.1917
65.1588
22.7741
61.3973
17.0138
28.2089
50.0603
62.8155
25.9418
27.0885
12.1279
33.0797
66.7398
37.4153
95.3768
42.7756
90.529
75.2894
80.3595
63.3861
48.8865
59.749
17.6575
28.2221
51.2204
67.2134
95.0317
48.8671
20.2326
16.7239
45.1615
87.3874
23.5938
44.1149
93.2644
32.936
83.4038
27.4317
67.716
61.3228
22.6061
60.4722
17.3588
40.4271
81.8451
15.8645
31.6875
92.1474
50.3002
30.6949
63.6507
96.4263
14.1627
81.3964
64.9612
89.3764
42.735
23.639
94.0032
80.7453
50.8036
78.9401
13.56
66.3903
71.7926
50.7543
50.0342
50.1296
67.2024
37.4135
41.4508
63.9641
85.4926
90.1278
58.579
64.5732
94.0737
63.5154
51.5574
80.2057
96.8226
90.0675
46.2095
50.8856
66.1656
71.1575
13.2527
27.5372
15.2312
41.0519
51.425
27.2312
92.5632
53.3319
27.0726
89.072
96.642
62.4864
10.2611
24.1424
29.6953
68.1678
60.1493
87.1598
42.3327
26.2643
67.0627
29.9227
43.5727
96.4427
89.832
41.6136
91.3862
60.2786
87.7268
28.7648
62.6566
94.5192
23.4977
37.0484
66.4379
44.2404
60.3398
66.0334
21.6859
66.0432
76.128
35.3305
18.0423
36.227
17.6401
15.0008
62.6568
14.0179
49.7107
47.7923
58.927
54.8517
36.697
60.1523
88.1556
67.9341
18.634
34.9925
84.0778
12.8558
57.4033
63.8104
83.5224
22.7164
64.5849
55.5031
63.6443
95.333
80.4429
39.5785
53.0787
35.4561
84.2565
64.7828
94.6828
88.6912
42.2838
76.1199
23.0238
59.3648
65.5834
74.495
57.8085
24.8328
75.0532
44.5888
83.6027
57.1182
43.6081
70.2626
36.3522
57.3943
67.302
11.6465
47.2921
46.4778
18.5734
12.9261
16.6832
84.181
25.1674
35.9794
11.8089
46.4395
87.1919
50.6307
88.2987
86.3646
37.9317
70.4497
82.8532
82.5341
74.2839
90.537
62.7057
18.603
78.5632
70.0403
26.3551
94.6481
43.9162
47.8567
31.9686
97.8149
67.5804
26.817
31.6675
75.38
40.079
42.0766
98.6806
39.2203
76.2038
15.5141
22.4996
56.0856
95.4847
14.495
81.373
70.587
25.286
90.334
20.803
24.8585
29.0927
79.4462
79.584
20.8859
60.4202
79.4808
29.0807
59.5458
81.4288
50.0218
30.4964
43.2261
20.9991
83.027
70.9842
85.3535
55.6863
73.4212
66.2526
86.3872
54.8714
21.2757
25.7661
57.708
52.2057
94.0023
27.283
44.7962
53.2152
30.0359
14.892
13.7602
35.673
98.1454
63.4833
33.6284
14.6295
90.4014
92.2793
92.4329
58.9531
61.8717
89.2043
70.3767
24.773
44.9392
23.0083
15.5737
29.6408
90.2385
68.1455
94.8177
69.4565
68.3861
67.3269
41.8266
39.9056
66.6318
30.3268
76.6904
70.7036
84.6488
52.4658
83.6481
25.2812
97.2329
82.2154
75.1422
89.7134
51.5724
28.6336
67.0883
45.2484
13.7369
78.088
91.3866
62.2957
25.3621
80.3305
67.5881
75.4031
63.8829
98.1449
65.2079
77.3964
53.3885
78.6505
60.9782
56.2451
14.1989
35.5497
33.1809
34.0224
35.374
49.4951
18.4262
40.1774
23.3838
93.7172
68.5835
84.103
95.0078
91.4751
96.4605
44.8908
17.0534
90.3409
90.17
52.0706
68.8745
94.139
32.419
57.8694
68.0186
79.4663
86.4064
55.9235
69.9068
54.4735
19.164
85.452
62.8963
54.5891
74.811
54.1638
65.5303
66.711
62.7235
32.0083
38.4452
59.9054
90.0189
91.3969
15.5319
50.1023
61.8206
90.4136
87.7142
17.0323
96.6461
56.5981
66.9429
72.4503
26.8679
14.835
79.3606
62.4844
77.7103
10.7499
29.5914
69.9222
90.7601
77.9321
24.3243
69.1614
96.8514
40.5276
78.0238
70.9399
79.9328
73.6486
38.5192
58.3326
73.9179
12.5347
18.1089
91.4115
29.3401
33.5336
41.0045
39.7479
54.9764
45.9129
29.137
72.3568
74.2962
75.111
66.3699
91.5575
73.9369
22.7854
42.4369
60.9971
37.7516
35.8493
21.2063
12.6268
23.1497
27.848
17.8271
10.8545
33.7014
39.6621
27.4896
18.5439
89.3301
40.8936
80.0951
53.0974
40.795
47.6938
23.4663
60.8195
89.0646
44.7875
30.271
11.4296
87.6475
76.6162
15.427
82.4109
56.7798
91.2902
54.3817
47.5651
16.1712
38.0365
93
78.6558
97.0421
82.3799
41.4212
96.0088
47.8413
75.3001
32.6362
83.8521
83.2757
41.2294
28.2946
56.7483
98.291
51.857
77.8422
84.346
94.2105
98.9954
66.8585
12.1144
56.8069
26.577
52.7182
97.6971
61.8976
37.3193
57.1109
73.8152
64.1475
39.2563
94.2432
41.421
16.265
48.9417
33.1684
79.521
39.3599
62.3114
21.807
73.5585
29.6785
59.6156
31.9649
62.3785
64.3929
16.232
73.637
47.5937
15.9834
42.8305
57.7992
87.9871
32.214
45.1001
49.5447
91.5527
10.1692
25.2246
20.0719
15.8709
75.5792
65.7358
18.0615
49.889
73.3452
85.3882
45.9947
68.1061
33.7397
51.01
34.4944
83.1085
14.9828
33.4677
98.9516
92.756
32.2572
42.4703
25.5052
36.7478
40.2315
95.5805
31.4757
85.7213
44.2751
60.4634
81.183
61.3704
61.4178
21.5135
43.2265
98.4167
93.8492
97.2602
21.0105
48.8978
30.0268
15.9103
40.8745
77.8156
97.1775
71.1074
24.7344
21.22
40.1734
70.488
21.3006
56.4775
33.4431
74.8815
42.5056
85.7733
16.7687
67.3034
94.6925
93.4749
44.4982
47.656
30.5179
21.7055
83.9191
16.4041
89.6994
19.8592
86.0961
49.9308
55.7338
81.2439
80.8033
28.0806
85.9966
19.2279
20.02
28.5846
43.7832
11.9156
32.2934
95.5043
81.0623
62.6464
68.7147
85.1486
72.2486
71.2487
33.6536
67.5641
17.5756
67.3424
77.3659
85.0181
31.4778
75.8254
48.5781
41.8848
54.1727
29.6502
80.313
43.1566
39.8557
96.6314
32.7785
33.6826
32.0101
50.3757
40.2912
84.3257
62.7603
11.887
87.9672
47.5327
30.3525
74.3509
43.895
43.9502
28.9612
54.3324
22.8273
62.9177
17.9812
30.1543
84.0324
46.529
86.3457
82.4288
62.9051
29.0988
95.8752
91.5082
58.8405
68.4928
31.7991
21.7503
34.1895
13.5145
64.9483
84.4818
70.9844
40.5924
35.8192
44.2493
46.9684
14.9911
47.8132
27.6081
12.801
16.2418
39.8421
51.3171
58.3112
97.7001
38.6143
14.9146
96.8467
34.9326
91.7837
14.7802
43.9755
85.2749
25.9099
25.5828
62.891
36.7736
33.9379
54.5549
52.6578
46.4113
39.8024
97.2267
83.2238
34.4031
83.0133
85.7472
72.0823
42.4783
74.2572
58.364
49.6567
95.8094
11.1712
38.0065
87.2013
13.6428
22.606
36.3786
17.5113
58.6303
26.1004
28.7867
79.5974
95.1398
76.5468
38.9926
46.2285
16.3199
57.5679
31.6999
67.4514
47.6281
68.735
23.5574
71.5277
34.9846
86.0781
10.5525
88.1325
55.4518
55.1989
66.7521
86.8848
15.2803
56.5819
70.7449
67.6969
28.9631
24.3776
50.5775
51.517
76.5551
90.6364
82.8902
13.3042
39.1961
97.6393
96.7635
42.9774
10.077
40.0797
44.6361
36.1568
23.3557
36.1277
26.4236
66.3895
46.306
87.6797
25.0053
57.6892
96.0863
51.7946
70.7619
47.3492
73.5199
24.1898
28.7559
85.2596
79.9348
51.114
54.6809
13.2307
68.886
51.6702
47.3271
11.0925
39.4985
40.9348
37.6245
69.0574
15.9554
57.5726
82.3947
21.9443
98.2271
20.8682
92.0055
73.4147
26.0682
68.6548
70.8545
32.4687
36.3705
86.3356
84.7646
16.0843
69.9099
53.7282
81.3563
49.571
51.747
97.0047
68.6754
65.4231
51.5855
88.155
22.5747
18.4673
17.5782
24.7899
19.7448
92.7887
71.8727
70.948
48.2591
19.9882
55.6388
68.9447
37.5349
40.6514
17.4356
22.2707
80.7774
30.7151
62.7398
12.4309
29.0937
44.2393
97.1921
52.553
97.6928
46.4319
28.761
17.6699
48.4576
29.8742
79.3751
88.5181
34.3902
41.8976
78.3932
51.2429
69.6051
15.3389
98.5643
26.9855
96.3365
35.6858
52.5303
60.4111
64.1832
68.8822
17.1709
81.029
55.0946
43.0197
57.8834
79.8028
80.6335
13.9319
71.063
10.2359
61.3989
14.5242
68.5789
66.8672
54.0111
83.5945
53.5056
82.3407
17.369
53.3239
59.784
31.9431
51.8032
24.8185
12.9292
29.4117
40.4851
86.3662
76.81
85.3324
46.1358
38.8238
80.9999
50.8478
57.121
28.5162
18.2901
60.5543
48.093
66.3348
56.1114
87.4844
15.5958
73.0755
84.2686
72.8859
51.0626
11.9422
18.9505
95.2072
94.6045
37.0931
72.0432
80.8441
46.2507
68.9171
12.6018
41.5586
72.9254
17.32
39.2262
42.5954
33.0364
86.3139
51.5845
28.2147
28.2173
62.3528
10.6585
59.9231
44.8992
46.9099
31.3843
91.2359
58.0543
63.5291
72.6705
10.5962
27.8815
28.1974
54.6604
79.7183
50.8619
16.0536
14.3295
35.0043
18.3288
97.5304
34.3039
86.5186
60.3805
91.3659
52.4672
68.8949
76.7662
89.9271
11.6744
36.8658
17.75
14.3164
84.6662
60.8511
77.0218
84.2698
27.3012
37.8308
23.5979
39.2403
20.0918
88.0312
89.2171
17.1213
28.3364
14.7794
63.7479
86.1165
68.7019
62.9505
55.4341
30.0238
83.0766
79.3077
89.9781
21.3321
94.7463
92.9203
89.844
50.6059
50.7063
61.8149
59.3138
45.6983
59.6666
92.3365
86.9104
26.2281
52.1854
92.4174
45.4332
32.6616
19.2286
53.6894
54.6473
14.8613
16.689
25.3442
25.7881
16.7695
70.7187
87.0843
88.9061
81.8477
64.9385
34.8012
18.3988
50.6417
67.8626
93.8432
77.3791
80.3092
14.452
12.4116
78.8494
14.9368
42.8703
53.2947
55.5602
52.7997
61.7845
97.7472
72.2975
63.2047
14.0224
20.1662
10.9429
14.608
93.5444
33.0908
74.9959
96.7869
34.9816
96.3824
30.707
14.5035
47.4824
10.7366
34.6574
75.3059
12.7507
11.6314
63.8655
29.037
69.953
20.5367
92.7749
70.6176
83.8757
53.8656
29.2054
84.3334
66.9845
76.8301
23.277
93.2086
56.2082
49.6538
31.8475
31.6443
84.375
92.7602
30.541
53.7959
95.8052
18.7089
48.492
69.8797
51.3882
38.3862
35.6168
76.5478
50.6965
51.4773
53.844
81.5385
17.7655
74.5631
88.9271
73.7676
56.4967
44.3749
86.5494
48.6355
17.8119
65.2882
45.3787
80.0458
65.7948
67.1852
93.5387
86.8228
45.6698
38.7761
60.3162
85.1282
70.8437
76.8769
27.4101
98.4761
21.0196
52.8377
65.1066
96.6452
77.7608
15.9288
25.41
65.3605
21.5673
89.2572
51.2807
24.4064
70.3798
90.6864
60.1991
25.855
39.7495
37.265
20.3982
14.53
17.1288
14.1007
35.8794
15.7635
84.7567
58.9836
36.2753
16.4928
90.9599
33.148
48.8579
15.5346
78.8474
11.8528
79.9409
56.8504
46.2768
62.1719
88.0497
17.6279
42.9834
22.7254
17.4035
45.8026
77.177
19.7143
66.2561
12.4904
24.6507
13.4858
69.4268
84.4575
73.1416
64.2854
16.9973
60.2004
93.9274
42.5478
94.9191
26.5687
96.4022
53.9192
46.7465
95.765
59.549
70.2971
76.0235
72.3224
44.1873
10.2854
21.7134
66.6312
97.158
97.6318
44.5898
29.9164
63.0851
70.2698
52.2477
82.4288
98.9156
81.1471
78.1544
88.6826
85.0212
53.8687
94.1739
95.1099
48.09
73.7757
65.9149
52.3708
98.1226
56.1272
62.8113
95.5051
50.1787
73.4072
19.6963
29.7952
25.932
61.5359
46.7133
59.6239
69.6516
21.0453
95.7144
95.7437
17.6593
74.5977
82.8743
32.2785
34.1405
25.933
69.8035
62.1014
48.1331
71.0399
46.2486
86.4322
16.1317
21.3358
64.0488
32.8662
40.402
80.6763
69.7855
10.9431
77.2854
80.8393
34.0673
20.3449
30.8486
72.3345
21.8842
36.0362
50.4923
42.6336
90.1723
58.3964
19.3396
21.2206
41.4519
25.4455
69.1144
46.753
53.5536
54.1106
31.3064
44.9743
76.5488
49.863
60.7576
26.8141
86.058
44.8192
60.8149
25.7784
87.4624
27.9923
94.4108
32.4868
98.2407
38.9455
61.6744
79.8237
68.7167
22.3777
21.1197
70.1935
11.7169
97.7815
40.1953
55.8222
80.4815
87.8268
38.5076
72.675
49.0903
37.5689
49.8873
31.6684
82.7167
54.6734
85.1816
61.0361
78.3296
97.449
89.4543
84.1305
12.3002
39.8861
40.4838
63.085
70.2403
13.1135
44.411
76.5555
78.5192
14.8584
53.4475
12.5818
72.1912
26.0172
14.371
23.4319
73.8895
76.1178
27.2209
81.7447
52.8097
11.0683
36.7835
16.2791
56.1234
93.9974
25.1204
44.0145
11.9784
38.1749
47.9363
22.0725
39.4278
69.07
31.2037
58.18
16.5958
33.4031
15.2853
34.9811
71.0457
54.3171
66.6045
82.5565
17.2249
70.4401
80.9489
40.6673
20.8313
65.7342
75.7746
25.3975
63.9546
72.8739
52.4868
62.4803
93.9151
19.7609
75.2238
92.0524
64.9617
26.5427
70.1722
25.3863
39.1739
39.3493
72.5693
66.3121
60.5752
60.9529
19.5766
30.6359
87.9275
27.7593
70.9826
35.8119
19.7002
75.6188
63.5147
67.9401
28.6715
42.1395
30.9364
91.3912
96.504
35.2214
20.869
52.2688
74.7623
52.7932
59.0068
36.1843
40.4575
13.0871
10.5082
81.676
10.7132
35.1817
61.2681
70.012
83.6994
96.9963
56.7323
18.5534
94.3865
15.0876
79.0261
84.0458
17.5377
28.7166
73.2762
80.5544
93.7105
71.1877
80.6276
57.7642
31.7113
87.0851
44.0112
77.9317
16.4967
82.9819
25.5876
44.5225
83.5142
98.8118
85.3828
41.347
91.8948
33.7961
91.895
12.3599
35.9182
31.1785
55.4307
14.772
82.9577
71.5972
14.0266
94.284
91.32
40.6202
23.9625
51.6694
43
85.8121
30.4674
10.6811
71.2852
44.3644
59.3676
51.5746
67.3601
18.2938
51.7926
72.72
97.666
22.0325
77.5593
39.9966
90.057
57.6335
55.0216
13.7012
66.7034
16.0766
29.4386
54.8108
92.4918
50.9719
34.1375
88.1784
52.74
70.0411
30.3486
74.2351
53.3706
76.3434
78.1528
53.8628
44.4475
78.3711
42.5075
83.9047
55.8016
34.9668
47.2009
10.6729
97.5393
42.8099
49.3681
53.8243
23.2904
28.334
93.9743
36.9541
24.8585
98.5042
63.7607
43.7271
34.3454
52.9674
14.2147
32.7323
62.6469
76.11
28.1
47.2643
43.18
38.8557
34.9109
86.1191
76.3325
11.3606
70.9738
92.3879
46.4615
29.1508
60.9453
25.3738
61.4891
23.0933
90.9883
47.1757
10.4736
63.9764
97.1881
23.1181
68.64
26.1866
92.7736
74.4084
14.3272
59.7709
68.1843
52.2104
64.3162
80.7022
23.1293
54.0057
54.8628
26.3082
56.8577
66.8955
66.2676
92.6049
69.0395
54.1405
42.2179
36.7944
18.4279
64.4795
38.8543
70.5495
41.0509
13.9679
84.9827
14.1295
53.2727
41.2119
29.7076
75.2869
71.3279
37.0342
43.9815
11.12
29.1879
88.4296
16.2082
11.1886
30.0817
61.4802
43.3045
53.9095
82.6124
29.7455
33.9581
20.4316
24.9236
72.217
25.8246
75.3769
16.5294
81.0932
30.7087
81.0925
44.5271
74.8994
46.352
35.2379
24.3419
92.0963
59.9937
73.689
17.5127
26.9091
35.6913
54.5737
14.4154
19.9297
11.916
82.1168
53.5956
21.9138
33.0649
70.0707
73.4041
62.4099
30.3898
24.0545
34.2756
75.9427
31.862
43.1947
64.7011
48.2956
75.5017
45.8031
68.9464
64.7661
92.2665
23.3171
66.2945
54.6564
61.3755
23.3605
27.3692
73.595
68.2973
83.8419
33.2515
67.1344
76.1679
26.0239
45.9907
19.9559
75.4239
93.4217
40.8688
84.7224
24.4709
51.8085
52.1692
70.8619
10.2674
69.3504
60.8442
39.3047
65.2664
31.2729
63.7443
56.3945
56.4112
84.443
63.2484
73.007
84.5081
64.6049
32.437
39.4857
32.0955
28.021
28.4116
94.071
59.4029
93.3818
43.4001
77.157
62.6206
38.0008
12.5131
30.6854
70.1891
39.661
27.1679
93.1018
94.3842
94.3097
33.74
37.3389
20.583
36.0992
61.2617
31.3789
62.3481
59.0964
92.5112
10.0411
26.7356
63.7125
59.774
54.9953
29.2623
58.4707
34.09
79.0817
54.0821
49.3175
81.2848
98.6014
79.4349
92.0476
47.433
66.0674
45.2318
60.1834
18.1603
16.8088
18.2745
26.1744
30.6054
96.989
15.0303
96.0355
50.471
39.3949
18.786
54.0133
93.6003
12.3859
91.3192
76.4683
78.572
87.9211
87.7022
52.0747
33.8406
34.2859
64.4613
85.4045
88.6429
83.1921
66.2722
30.62
18.9947
79.7776
11.8634
26.8911
11.2532
56.7204
61.7096
83.8138
32.3592
23.8953
78.1885
69.2724
57.8446
43.4877
29.7127
40.0332
70.4232
73.2945
17.223
57.0562
39.2135
25.3848
79.7309
49.4329
87.726
33.082
69.0852
91.6779
62.9876
57.0074
87.2931
78.4221
88.8861
30.3837
10.3232
95.2558
17.1244
16.3359
19.5491
68.7232
60.7182
45.341
65.1754
79.8617
84.8627
94.5249
76.8974
47.5904
10.0082
84.3394
56.3483
68.1668
64.1395
70.0976
10.77
10.3436
18.9969
43.3323
89.1269
84.1015
17.8666
48.6668
55.9276
38.572
78.6654
88.1239
32.3224
96.1856
29.2165
10.6615
25.2048
11.3776
93.524
92.8963
17.6736
90.6317
56.0615
34.6299
51.0212
17.9962
58.0338
22.299
84.1016
72.2496
83.5775
38.5836
11.2734
14.8944
50.2849
47.7611
10.6039
47.789
58.463
70.9527
33.6132
15.2973
73.9461
43.6857
49.8895
67.4301
43.4743
29.1585
55.6982
76.3258
78.3953
22.7872
50.5396
85.0832
48.5096
75.3661
43.7885
44.3115
59.5658
50.6485
87.9598
51.0712
24.7469
66.7292
34.2095
79.9162
22.9505
53.2237
18.9932
53.4435
42.7902
28.1149
86.2391
65.0398
98.7183
91.9574
71.7094
25.6413
13.0887
88.9481
46.4897
27.8561
37.6984
85.7612
15.7343
34.6841
78.8969
43.7843
43.5327
54.6257
70.1652
77.8424
57.821
68.5048
61.7218
13.3225
57.7717
12.9053
19.3136
30.6442
86.6126
37.3672
25.2362
11.0041
44.7763
75.0175
70.4471
71.4681
84.369
94.1651
25.2751
87.6784
55.0254
67.8061
76.5462
44.942
53.0949
20.4717
51.2157
28.7915
47.2958
71.4745
91.1328
86.2139
73.0842
18.4008
26.0781
46.2506
21.2352
26.8983
84.4011
93.6428
24.9045
31.7741
52.8742
23.9391
42.9506
25.0272
56.6402
63.5498
91.0019
51.3367
75.222
66.7293
33.7746
59.3282
15.0665
74.1874
24.953
48.0253
31.8151
63.8314
12.3677
26.4967
45.1728
50.6855
60.2247
39.1129
66.7285
66.3439
59.2222
64.3147
13.6088
82.2184
86.1526
52.0783
87.2187
81.1189
51.8483
91.982
65.9881
66.5253
12.6124
42.3049
82.2171
93.7394
78.4996
52.1192
70.7508
42.6012
73.2476
95.2033
27.7696
31.8863
89.8032
24.6593
13.7725
26.463
64.7401
24.6284
77.7107
12.0627
79.3609
61.6251
76.2535
68.0334
59.3873
73.2109
74.1176
36.1952
88.2075
63.3784
58.6413
37.3359
50.3988
96.5882
51.4988
86.5302
60.9184
20.6238
86.0993
39.6799
58.4371
62.8835
62.6578
14.0066
28.4112
86.8782
21.0767
90.8093
51.3017
12.8614
55.2918
57.6328
81.1808
96.2178
13.8541
83.7367
86.5576
45.9007
26.6549
15.7465
31.4691
56.2408
11.8032
91.1435
71.8569
89.6205
14.9028
18.7027
94.8032
31.8622
94.356
12.0243
49.9451
55.7369
44.7084
61.4548
32.8701
13.0738
12.3454
12.2518
42.2459
47.4576
76.9718
19.6622
64.8402
47.6385
14.6495
43.769
89.4933
36.8605
96.7585
83.4822
22.4112
28.1287
69.5606
64.9334
46.5629
50.085
31.0011
56.0421
35.9067
76.0915
29.366
21.2759
52.6859
23.0827
13.8355
43.4096
21.8765
89.5491
89.5502
90.1263
89.1565
30.8344
81.5741
93.8688
41.9445
15.5785
16.162
89.2594
69.0556
13.7058
40.1021
36.5975
14.074
45.1632
31.4881
75.8776
59.1742
44.9186
23.5435
93.4139
76.0724
50.8008
46.1298
34.6059
17.4538
17.4349
11.9278
23.9189
33.9303
56.8375
76.9368
70.6245
23.2021
93.585
70.9946
96.9968
42.9433
55.8054
65.5633
26.6842
82.9194
53.0551
96.7953
42.2211
55.9503
82.3568
97.5593
16.3103
42.7773
25.9104
30.9004
51.3352
47.6469
85.5982
36.5541
22.9192
41.1285
56.1179
71.0929
77.0255
62.0518
34.4965
13.4045
13.1628
83.8148
64.9878
93.7657
90.9743
85.2611
23.0457
86.0027
13.5478
70.4909
88.8727
64.8467
70.1914
44.7862
32.7905
96.1698
46.9579
37.1268
55.1671
34.2661
67.8423
95.0586
60.665
88.7734
31.8435
69.8539
37.9455
93.0585
26.7894
57.7742
50.0391
94.358
15.261
69.8505
75.8031
79.0967
72.4929
24.2703
29.4965
52.9118
88.3901
32.1897
94.1886
45.6515
30.8162
32.2205
48.9233
42.4898
81.626
60.0393
31.9804
38.6737
79.5969
45.0973
88.631
33.5531
33.9717
72.3241
59.95
98.4867
83.2316
24.4111
82.7977
32.8315
34.5634
79.7669
97.2798
48.3726
18.4212
44.2507
59.0081
80.0519
91.28
38.5032
47.1098
28.5265
28.9899
76.1039
59.4884
16.1518
94.5499
12.7725
23.8461
11.0077
52.8523
41.5439
45.1705
53.1025
62.1806
15.9227
98.7388
54.9887
79.981
51.9593
53.2336
75.2858
87.7233
68.7231
91.3513
27.0774
81.3075
89.3679
45.5611
94.4957
95.3559
95.4469
81.8072
41,7403093
52,76960236
54,05650532
6,17578922
25,66515553
70,73680079
64,27214191
12,50154752
54,25568672
98,15817828
6,69134071
90,23045741
95,74699301
32,88090078
54,6765615
41,92545409
14,79738184
16,91080366
6,95953762
77,75710795
32,4517018
20,4723144
19,4667378
1,91941278
20,29863661
89,65115213
51,60532869
25,84253934
6,24774883
81,48270601
22,80891936
79,62768998
82,41714491
97,82918626
95,21330775
59,5718172
34,81791211
21,99830975
19,59351812
3,11442824
42,92013315
91,62301789
71,86252704
71,38818721
47,98266219
93,5125236
45,80099474
56,83301473
77,24832951
13,69747628
3,20014442
87,25977688
57,65381308
36,78813963
93,68462547
23,48283027
25,46798832
69,62090855
73,48770897
73,65183102
91,79183111
54,48371193
90,1889425
25,37061177
95,17050227
85,47297529
23,89625107
70,7527832
20,72660142
72,83146874
44,97138882
58,80912962
97,64871819
57,62098266
69,59902131
74,59503806
78,7258318
61,18523844
22,05103983
78,29270865
54,29681251
13,19890608
12,9685264
47,96266994
48,72296507
38,59485463
91,24531353
26,89647351
20,75173655
94,81452772
68,3643269
98,5917083
96,61311065
5,28948139
69,62427174
75,10276523
18,78406633
48,95438154
63,09952798
97,65607732
57,4425488
52,79560148
72,1272883
58,82911482
28,49289796
1,93256709
26,35055479
75,66632207
97,28988871
23,01453091
71,8720729
71,1967789
95,96517745
80,09163807
76,31182125
70,15943119
80,85041775
58,51456439
21,42727519
2,99746916
33,05330983
31,61461859
44,55956684
10,87647067
78,53042506
12,2105073
51,08713235
41,19129572
62,88974516
62,38718162
6,6486505
82,1827978
67,0547621
38,70865472
62,14284025
53,94534847
64,6244845
27,02052101
74,46599726
82,50675323
48,91540734
65,04653926
2,36850929
61,53719209
15,88754763
7,25134542
15,17357829
64,49429862
97,74831154
43,38389317
98,80453453
89,20200661
46,87945314
40,11438263
93,37490552
59,70618103
34,57507592
82,58527567
5,60418236
23,08254986
30,81846894
2,31026546
92,22215385
22,28116715
12,27257746
41,10339786
69,38411509
92,88429134
41,12555663
90,32880929
62,17576434
60,58316218
77,93079597
4,90722609
49,64613255
31,5289167
29,6419642
69,38811339
25,63849907
89,98895645
4,64729434
63,57207176
49,18939454
66,12721468
83,83514768
21,32050054
83,74251357
72,87859134
15,86287445
50,29415258
63,97481159
23,58243292
1,20739659
25,19147746
37,63642948
88,19647485
76,09267969
65,9837502
4,14736268
44,08373022
96,59429047
89,82967334
5,89830466
21,79466241
43,84939324
86,92565953
53,54134337
93,73904305
32,07919335
24,47915039
84,77180875
49,87409002
93,46482738
75,58579784
44,64014433
24,49334008
94,76912295
11,3432566
17,91015505
73,45580856
48,5627478
